time,x,y,z
1953605,-0.0766,4.9033,8.7340
1953702,0.0000,4.8459,8.8490
1953751,-0.1149,4.9033,8.5425
1953801,-0.1149,4.9799,8.7340
1953851,-0.1532,4.9033,8.6383
1953901,-0.0766,4.9608,8.6191
1953951,-0.0766,4.8842,8.7532
1954001,-0.0766,4.7884,8.7149
1954051,0.0575,4.7692,8.6766
1954103,-0.0383,4.8459,8.8490
1954152,-0.0383,4.8267,8.9447
1954203,-0.1149,5.0182,8.9447
1954252,-0.0192,5.3247,9.8641
1954303,0.0383,5.3630,9.6151
1954352,0.6512,5.7269,7.3741
1954403,0.6895,5.8802,6.9528
1954452,0.9768,6.4548,6.8570
1954503,0.7661,6.3590,6.7038
1954552,0.5938,6.4356,7.5465
1954603,0.8045,6.4548,7.8721
1954652,0.8619,6.4165,7.9871
1954703,0.6321,5.8227,8.0062
1954752,0.7278,5.4588,8.4851
1954803,0.4980,4.9416,7.9296
1954852,0.5363,4.9991,8.6574
1954903,0.6895,4.6352,8.7149
1954952,0.7087,4.1372,8.6766
1955003,0.7661,4.1946,8.5808
1955052,0.6129,4.2713,8.7149
1955103,0.5938,3.9648,8.9064
1955152,0.5938,3.7350,9.0405
1955203,0.5746,3.7350,9.2320
1955252,0.4788,3.6200,9.3661
1955303,0.0000,3.6200,9.9599
1955352,0.2682,3.3710,9.9216
1955403,0.1915,3.4477,9.3087
1955452,0.1341,3.7924,9.1363
1955503,0.1532,3.8116,9.2320
1955552,0.1341,3.7733,9.1746
1955601,0.0575,3.8690,9.1171
1955651,0.1532,3.7733,9.2129
1955702,0.2682,3.8499,9.0022
1955752,0.1915,3.9073,9.0980
1955802,0.1915,3.7733,8.9256
1955851,0.2490,3.8690,9.2129
1955901,0.3256,3.7158,9.0022
1955952,0.4788,3.5817,9.1171
1956003,0.4022,3.7924,9.6151
1956052,0.0958,3.7924,8.7340
1956103,0.4788,3.7924,9.1937
1956152,0.3448,3.6775,9.4044
1956203,0.3065,4.3479,10.0173
1956252,0.5171,4.0797,7.6423
1956303,0.4214,6.0525,8.9447
1956352,0.8045,5.0182,7.9296
1956403,0.0192,5.6503,8.6383
1956452,0.0000,4.9416,8.1211
1956503,-1.1109,4.2713,7.7189
1956552,0.6704,5.1523,10.7069
1956603,0.1149,4.5777,8.5617
1956652,0.1724,4.9991,8.9256
1956703,0.2107,4.8076,8.6574
1956752,0.3065,5.0566,9.5002
1956803,-0.0575,4.2521,8.1977
1956853,0.0192,4.3862,8.7724
1956903,0.1532,4.6160,8.9256
1956952,0.1724,4.7884,9.2895
1957002,0.4597,4.4245,8.8681
1957053,0.7470,4.0606,8.3893
1957103,0.4597,4.3862,8.9639
1957152,0.7278,3.1412,12.8904
1957202,-0.1341,2.8539,11.7220
1957253,0.1149,4.9225,9.7875
1957302,1.9154,6.8378,13.5225
1957352,-2.1644,5.3247,9.6917
1957402,-0.7470,6.1675,5.6120
1957453,-1.6664,6.6655,4.4819
1957503,-0.9002,7.3741,2.8730
1957552,-1.7238,6.5888,2.8156
1957602,-2.2218,6.4548,3.4668
1957653,-2.5474,5.4205,4.7692
1957702,-2.3750,5.9568,5.8802
1957752,-1.3791,6.0142,6.7804
1957802,-1.3024,5.8993,7.5465
1957853,-0.7278,5.3439,7.5848
1957903,-1.0151,4.7309,7.0102
1957952,-0.4980,4.1755,8.3893
1958002,0.3639,2.5857,8.8681
1958052,0.1149,2.0303,8.8107
1958103,-0.4597,1.7238,8.9639
1958152,0.3448,0.9577,9.5768
1958202,-0.1915,-0.0383,12.0285
1958253,1.3024,-0.0575,11.5113
1958303,1.6664,0.4022,11.1666
1958352,1.4557,1.7238,10.2663
1958402,2.0111,-0.0383,10.1706
1958453,1.8962,-0.7087,9.3661
1958503,2.0111,-2.7390,10.3813
1958552,2.6432,-3.0837,9.3661
1958602,3.3136,-2.1452,10.1131
1958653,3.7541,-1.5514,9.9216
1958702,3.2561,-1.0151,8.7532
1958752,2.6432,-0.6321,9.0980
1958803,2.5091,-0.6704,9.2129
1958853,2.3367,-1.0534,9.1746
1958903,2.0686,-1.2641,9.2512
1958952,2.2410,-1.4557,9.4044
1959002,1.9920,-1.3982,9.3853
1959052,1.6089,-1.1301,9.2895
1959103,1.1684,-1.0918,9.8450
1959152,0.8619,-1.3408,10.4770
1959202,0.2490,-1.4365,9.9216
1959253,-0.0192,-1.3216,9.9599
1959303,-0.5171,-0.8811,9.6534
1959352,-1.3408,-0.4788,9.3278
1959402,-1.8579,-0.4405,9.3853
1959453,-2.9880,-1.0343,9.4427
1959503,-1.7813,-0.8428,9.1937
1959552,-0.1532,-0.2873,9.9599
1959602,-0.4597,-0.3256,9.8641
1959653,-0.9194,-0.3256,9.6343
1959703,-1.3408,-0.4980,9.8641
1959752,-0.9385,-0.4022,9.9790
1959802,-0.3831,0.2107,9.6726
1959853,-0.2298,0.3256,9.5577
1959903,-0.0958,0.3639,9.7492
1959952,-0.1341,0.3256,9.7109
1960002,-0.0766,0.3256,9.7109
1960053,-0.0575,0.2873,9.8258
1960103,-0.1532,0.2298,9.8641
1960152,-0.1915,0.2682,9.7683
1960202,-0.0958,0.2490,9.8067
1960253,-0.0575,0.2490,9.9216
1960303,-0.2107,0.2107,9.7492
1960352,-0.1915,0.2107,9.8450
1960402,-0.1149,0.2682,9.7875
1960453,-0.0958,0.2873,9.7683
1960503,-0.1532,0.2490,9.9024
1960552,-0.1341,0.1915,9.7875
1960602,-0.0575,0.2298,9.7875
1960653,-0.1341,0.1532,9.9982
1960703,-0.2873,0.2298,9.9599
1960752,0.2873,0.1532,10.4387
1960802,-0.0383,0.1724,11.9902
1960853,-0.5555,0.9194,10.8409
1960903,-0.6512,3.7924,7.2784
1960952,-0.3448,4.3670,6.7995
1961002,-0.2682,4.5969,7.5082
1961053,0.0958,3.5626,9.2129
1961103,-0.0766,2.9497,9.5768
1961152,-0.2490,2.3367,9.3087
1961202,-0.5171,1.9154,9.3278
1961253,0.0192,0.6704,10.7260
1961303,0.0383,-0.1532,10.5919
1961352,-0.2490,-0.0958,10.2663
1961402,-0.4214,0.2298,9.7300
1961453,-0.4597,0.3831,9.7492
1961503,-0.4597,0.4214,9.8067
1961552,-0.5363,0.3831,9.7492
1961602,-0.5171,0.3065,10.0365
1961653,-0.3065,0.1532,11.6071
1961703,0.0000,0.0958,11.1474
1961752,-0.7087,2.5666,8.6574
1961802,-0.4405,3.2178,7.8530
1961853,-0.2490,3.8307,8.2552
1961903,0.5746,3.8499,9.1937
1961952,0.3256,3.5243,9.5577
1962002,-0.1915,3.2370,9.2320
1962053,-0.0766,3.0646,9.1363
1962103,0.3256,2.8539,9.1937
1962152,0.7087,2.0494,10.1131
1962202,0.4980,1.6472,10.2089
1962253,-0.0766,1.6281,9.5768
1962302,-0.0383,1.6664,9.6534
1962351,0.1149,1.0151,10.0748
1962401,0.3065,0.9194,10.4004
1962451,0.2682,1.2450,9.9599
1962503,-0.1341,1.7621,9.1937
1962556,-0.0575,1.7430,9.3087
1962601,0.2682,1.4940,10.8984
1962654,0.2490,1.5706,10.7069
1962704,0.0958,2.3942,9.9407
1962753,-0.2107,4.6160,7.1060
1962801,0.3448,4.8076,6.8570
1962853,0.4214,4.4436,8.6191
1962903,0.3831,4.0989,10.2472
1962953,0.1915,4.0606,8.4467
1963003,0.3256,4.2904,7.7572
1963053,0.2298,3.9073,9.0214
1963103,0.1724,2.8730,9.4427
1963153,0.2873,2.2410,9.9216
1963203,0.8428,0.9960,10.6686
1963253,0.9577,0.7853,10.1323
1963303,0.6129,1.1875,9.7875
1963353,0.5746,1.4174,9.6534
1963403,0.6512,1.3599,9.9790
1963453,0.7087,1.5706,9.9982
1963503,0.6512,1.6281,10.0556
1963553,1.1875,1.4940,11.3772
1963602,-0.9385,3.8499,8.3127
1963653,-1.0343,4.6160,6.2249
1963703,0.1724,5.1906,10.0365
1963753,0.3256,4.8650,9.9982
1963803,0.4022,5.0374,7.4508
1963853,0.7470,5.2098,7.5274
1963903,0.7470,4.7309,8.8107
1963953,0.4022,4.5394,8.2552
1964003,-0.0192,3.8116,7.9487
1964053,0.4980,2.1644,10.2855
1964103,1.0343,1.1492,11.3006
1964153,0.2298,0.5363,10.1131
1964203,0.0192,1.1684,9.5002
1964253,0.2873,1.2833,10.2089
1964303,-0.1149,1.3408,9.5768
1964353,-0.0575,1.4557,9.2703
1964403,0.5363,1.4557,11.1857
1964452,0.1341,2.4134,9.8067
1964503,-0.4597,3.1412,8.1211
1964553,-0.4214,3.9073,8.7532
1964601,-0.0958,3.9265,8.9447
1964651,-0.0575,3.9265,9.1363
1964703,0.0192,3.8499,9.1171
1964753,0.6704,3.9265,9.0405
1964802,0.4214,3.6966,8.6191
1964853,0.5938,3.9648,8.8873
1964903,-0.5555,3.3710,8.8490
1964953,-0.8811,3.4860,9.1363
1965003,0.5171,3.1412,9.8258
1965053,1.1684,2.5091,9.8450
1965103,1.0343,2.8730,9.9599
1965153,0.3639,2.7964,9.3853
1965203,1.2258,2.9113,8.9447
1965253,1.6281,3.1412,9.6917
1965303,0.4214,3.1603,9.1937
1965353,-0.0383,2.7007,9.5193
1965403,0.3065,4.7692,8.9639
1965453,0.0383,5.7461,8.3893
1965503,-0.0383,5.3056,7.6806
1965553,0.0958,5.1715,8.6000
1965603,0.0000,5.0182,8.6383
1965653,0.0383,4.9991,8.4851
1965703,-0.5555,4.8459,8.3127
1965752,0.7661,4.0797,9.1171
1965803,1.0918,4.2713,9.1746
1965853,1.5514,2.2218,9.5385
1965903,0.7853,2.4900,9.6726
1965953,0.4788,2.6240,9.6151
1966003,0.5746,2.6624,9.3087
1966053,0.8045,2.4708,9.3661
1966103,0.4405,2.3750,9.6534
1966153,0.5555,2.2601,9.5193
1966203,0.1341,2.5857,10.1131
1966253,-1.8579,6.2058,8.1786
1966303,-1.8004,5.5929,7.3741
1966353,-1.2067,5.0757,8.2935
1966403,-1.0151,4.7501,9.1746
1966453,-1.3408,4.2713,8.9256
1966503,-1.3982,4.7692,8.4467
1966553,-1.5323,4.6926,7.9871
1966603,-0.2682,3.9265,8.8298
1966653,0.3256,3.9648,9.0405
1966703,0.0383,1.5323,9.5385
1966753,-0.9960,1.2450,9.8641
1966802,-0.8619,1.4365,10.1323
1966853,-0.1915,1.9537,9.9216
1966903,-0.0766,2.7390,10.8601
1966953,2.3750,4.0989,9.5768
1967002,1.3024,3.4285,6.2249
1967053,1.7430,3.6775,6.1100
1967103,3.1220,2.5283,9.8258
1967153,1.7238,1.7047,11.0899
1967203,3.1795,3.3519,8.0254
1967253,4.9608,2.9688,8.0828
1967303,5.7078,2.1069,9.3087
1967353,3.7350,2.5666,8.7724
1967403,3.8882,3.0837,9.2895
1967453,3.8499,3.0263,6.0142
1967503,4.1563,2.0111,6.4356
1967553,2.8922,0.4980,11.6837
1967603,1.3216,0.4980,7.6998
1967652,1.6472,0.7853,5.2864
1967703,2.6624,-0.8236,8.9256
1967752,2.2218,1.3791,9.1937
1967803,0.7470,-1.3599,6.1675
1967853,-2.4134,0.4597,13.2351
1967903,0.6129,0.7470,4.5777
1967952,0.2490,0.6895,8.7915
1968003,-0.1915,0.7087,10.7260
1968053,0.0383,0.7087,9.8067
1968103,0.0000,0.6895,9.8450
1968152,0.0383,0.7087,9.7875
1968203,0.0192,0.7087,9.7300
1968252,0.0958,0.7087,10.0173
1968302,0.0766,0.7470,10.1897
1968353,0.0000,0.7087,9.5385
1968403,0.0383,0.7087,9.7492
1968453,0.0192,0.6895,9.7492
1968503,0.0192,0.7087,9.8067
1968553,0.0192,0.6895,9.7683
1968603,0.0575,0.7087,9.7875
1968653,0.2873,0.6895,8.7532
1968703,0.1532,0.6895,9.6343
1968753,0.1149,0.6895,9.5385
1968802,0.0000,0.7087,9.9599
1968853,0.0575,0.7087,9.7300
1968903,0.0383,0.6895,9.7875
1968953,0.0383,0.6895,9.8833
1969003,0.2107,0.8045,9.7300
1969053,-0.1149,0.3831,10.0365
1969103,0.4214,0.6512,10.0173
1969153,-0.9577,0.3639,9.5385
1969203,0.2873,-0.1724,10.0365
1969253,-0.2107,0.9960,10.8601
1969303,1.0726,-0.5938,11.4730
1969353,-0.4214,0.8619,10.9750
1969403,1.2258,1.2258,9.4810
1969453,-0.6512,1.5706,9.0788
1969503,-0.1341,2.2410,7.8530
1969553,-0.5555,2.2984,7.7381
1969603,-0.8619,4.2521,11.2623
1969653,-1.4557,3.8499,9.8258
1969703,-0.3831,3.2753,9.8450
1969753,-3.0837,3.0071,9.2895
1969803,-0.0766,3.1987,9.0980
1969853,-1.6855,3.1220,8.5808
1969903,-0.1532,2.8156,6.8761
1969953,0.4214,3.2370,9.5577
1970003,-1.8004,4.3479,9.5577
1970053,-2.7773,3.2753,11.4730
1970103,-3.1220,4.5011,10.2280
1970153,1.4174,2.4134,8.1594
1970203,1.7430,1.9728,7.8147
1970253,0.9960,2.6240,7.8721
1970303,0.5171,1.1684,11.0133
1970353,1.0918,2.1835,8.4467
1970403,-0.6704,2.6815,9.1746
1970453,-1.1875,2.6049,10.3238
1970503,-1.2067,3.1029,8.7724
1970553,-3.0263,3.3902,12.0859
1970603,-1.3982,2.8347,8.9064
1970653,-0.4405,2.2984,8.3127
1970703,-1.0151,2.5857,9.7300
1970753,1.0918,0.9194,11.9519
1970802,0.5363,1.2833,10.8218
1970853,1.2258,1.3599,8.3701
1970903,0.5171,1.6089,7.0677
1970953,-1.9920,2.6815,10.9559
1971003,-2.9497,3.4668,9.0214
1971053,-2.4325,2.8539,8.9447
1971103,-3.7924,4.5969,8.6957
1971153,-2.7581,3.6775,9.9790
1971203,-2.2027,4.1180,7.9679
1971253,-2.0686,4.3287,8.9256
1971303,-1.8387,3.8499,8.7724
1971353,-1.5897,3.9648,8.9830
1971403,-1.3408,3.6966,8.8298
1971453,-1.4174,3.5243,10.0173
1971503,-1.5514,3.8307,8.2744
1971553,-1.7813,3.7733,9.0405
1971603,-2.0303,3.9648,9.2895
1971653,-2.0303,4.0031,8.4276
1971703,-2.1452,3.7733,9.5193
1971753,-1.7430,4.0606,8.6191
1971803,-1.7621,3.7924,10.0365
1971853,-0.4405,2.7390,8.1403
1971903,0.6704,1.3408,8.9639
1971953,0.5746,0.5746,11.1474
1972002,0.6895,-0.4214,11.6646
1972053,0.9194,1.3408,8.8490
1972103,0.9002,1.5131,8.5234
1972153,0.7087,2.0303,8.8873
1972203,-0.1915,1.8387,11.2623
1972253,-0.6895,1.3982,13.0053
1972303,0.4022,1.7813,7.5082
1972353,0.2490,1.6281,9.0980
1972403,-0.0383,0.3448,10.8026
1972453,1.1109,0.1724,9.0597
1972503,1.6855,-0.9002,9.6151
1972552,0.7470,-0.2298,10.4770
1972603,0.7661,0.4597,9.1937
1972653,0.9577,-0.0958,10.1323
1972703,0.4022,0.3831,12.5839
1972753,0.0575,0.4405,11.2240
1972801,0.2682,1.8771,8.4084
1972853,-0.7470,3.2944,7.6423
1972904,0.0766,3.7733,7.7572
1972953,0.9577,2.9113,8.9639
1973003,0.4597,2.7773,9.7492
1973053,0.5363,2.7198,9.9216
1973103,0.0766,3.1603,10.4770
1973153,1.7813,2.4708,8.9064
1973203,1.2450,2.4900,9.4619
1973253,0.8619,2.4708,9.5002
1973303,0.3639,2.9880,9.4236
1973353,0.1341,2.7964,9.3853
1973403,0.5363,2.6240,9.2320
1973453,0.3065,3.0071,8.7340
1973503,0.2107,2.3942,8.9256
1973553,-0.5938,2.7581,10.0748
1973603,-0.8619,2.9880,9.9599
1973653,-1.6472,2.7390,9.4619
1973704,-1.5131,2.5857,9.4810
1973753,-1.3408,2.7773,9.4044
1973803,-1.2258,2.7964,9.6151
1973853,-1.6089,3.2944,8.7532
1973903,-1.6281,3.3136,9.4810
1973953,-1.5323,3.1795,9.3278
1974003,-1.5323,3.1987,9.0788
1974052,-2.0686,3.6200,8.0828
1974101,-1.1875,2.7964,10.4004
