time,x,y,z
11094832,1.8507,9.0764,-3.6081
11095466,1.6664,9.0549,-2.8826
11095532,1.6783,9.0980,-2.9497
11095602,1.7071,9.0549,-3.1891
11095672,1.7214,9.0716,-3.2441
11095742,1.7190,9.0573,-3.2705
11095812,1.6688,9.0573,-3.2346
11095882,1.6400,9.0525,-3.2513
11095952,1.6257,9.0477,-3.1723
11096022,1.6400,9.0573,-3.2489
11096092,1.6520,9.0501,-3.2034
11096162,1.6257,9.0621,-3.1867
11096232,1.6568,9.0692,-3.2178
11096302,1.7047,9.0094,-3.1532
11096372,1.7573,8.9830,-3.1987
11096442,1.8004,8.9519,-3.1987
11096512,1.7573,9.0190,-3.1867
11096582,1.6592,9.1243,-3.1077
11096652,1.6472,9.1099,-3.2465
11096723,1.6161,9.1435,-3.1891
11096797,1.6400,9.0357,-3.2896
11096862,1.6879,8.9783,-3.4644
11096932,1.6975,8.9591,-3.5338
11106102,8.8370,2.7150,-2.8706
11106666,8.7795,2.8467,-2.5498
11106732,8.7795,2.8395,-2.4373
11106802,8.7987,2.8802,-2.5857
11106872,8.7747,2.8395,-2.5187
11106944,8.7939,2.7701,-2.5618
11107012,8.6694,2.5474,-2.3894
11107082,8.8490,2.3248,-2.1739
11107152,9.1650,2.2769,-1.7980
11107222,9.4523,2.2386,-1.4892
11107292,9.6414,2.3439,-1.0942
11107362,9.5768,2.2865,-1.1779
11107432,9.1770,2.0446,-1.0630
11107502,9.0261,1.8292,-1.3599
11107572,9.0357,1.6065,-1.6903
11107642,8.9950,1.5969,-1.5682
11107712,9.1459,1.4964,-1.9106
11107782,9.0166,1.4820,-1.6065
11107852,9.0501,1.3647,-1.4653
11107922,9.2703,1.3503,-1.0965
11107992,9.2871,1.3838,-0.2514
11108062,9.4403,1.2234,0.1341
11108132,8.7604,1.0367,0.7949
11108202,7.6112,0.4070,1.4413
11108272,6.9264,0.0335,2.8970
11108342,5.1763,-0.3112,4.8100
11108412,4.0845,-0.6847,7.2544
11108482,2.6073,-0.3304,9.4930
11108552,1.3024,-0.4573,10.6327
11108622,0.7087,-0.4980,11.1977
11108692,-0.0958,-0.2131,10.9702
11108762,-0.0000,-0.4621,10.7763
11108832,-0.4286,-0.5004,10.2807
11108902,-0.3926,-0.1891,10.0844
11108972,-0.7087,-0.2035,9.6582
11109042,-0.8906,-0.1197,9.5170
11109112,-0.9553,0.0335,9.4930
11109182,-1.1923,-0.1293,9.5624
11109252,-0.7518,-0.1676,9.7468
11109322,-0.7326,-0.1604,9.6917
11109392,-0.7422,-0.1580,9.6654
11109462,-0.7542,-0.1341,9.6774
11109532,-0.7374,-0.1101,9.7061
11109602,-0.7326,-0.1030,9.6774
11109672,-0.6656,-0.1724,9.6774
11109742,-0.6488,-0.2466,9.6462
11109812,-0.6680,-0.2490,9.5720
11109882,-0.7207,-0.2203,9.6319
11109952,-0.6871,-0.2227,9.6845
11110022,-0.7350,-0.3639,9.6726
11110092,-0.6991,-0.4405,9.8114
11110162,-0.6081,-0.4980,9.8138
11110232,-0.6991,-0.4334,9.7827
11110302,-0.7159,-0.2394,9.8354
11110372,-0.8236,-0.2610,9.8019
11110443,-0.8404,-0.3089,9.7923
11110512,-0.9313,-0.4357,9.8234
11110582,-0.8859,-0.4405,9.8737
11110652,-0.8332,-0.2179,9.9168
11110722,-0.8332,-0.0311,9.8761
11110792,-0.7614,0.0503,9.7707
11110862,-0.8835,0.0048,9.8043
11110933,-0.9577,-0.1915,9.7588
11111002,-1.2258,-0.4381,9.7420
11111072,-1.2474,-0.4501,9.7396
11111142,-1.2522,-0.4094,9.6199
11111212,-1.3982,-0.1796,9.5864
11111282,-1.1923,-0.1245,9.6247
11111352,-1.1061,-0.1341,9.6822
11111422,-0.9433,-0.2729,9.6462
11111492,-0.7757,-0.4214,9.6750
11111562,-0.9960,-0.6033,9.5600
11111632,-0.9601,-0.7470,9.6007
11111702,-1.0319,-0.6823,9.6822
11111772,-1.0008,-0.7470,9.6391
11111842,-0.7901,-0.5722,9.6630
11111912,-0.9457,-0.4453,9.6199
11111982,-0.9577,-0.4310,9.5505
11112052,-0.9816,-0.3926,9.5553
11112122,-1.0175,-0.3519,9.6223
11112192,-0.9720,-0.3136,9.6510
11112262,-0.9601,-0.2777,9.6726
11112332,-1.0606,-0.3112,9.7229
11112402,-1.0271,-0.3208,9.7013
11112472,-1.0247,-0.3424,9.6774
11112542,-1.0127,-0.3496,9.6941
11112612,-0.9744,-0.3160,9.7037
11112682,-0.9744,-0.3160,9.7109
11112753,-0.9840,-0.2921,9.7013
11112822,-1.0199,-0.3041,9.6127
11112892,-1.0127,-0.3328,9.6415
11112962,-0.9912,-0.3160,9.6678
11113032,-1.0391,-0.3208,9.6893
11113102,-1.0104,-0.3184,9.7300
11113172,-1.0104,-0.3065,9.6462
11113242,-1.0439,-0.3065,9.6247
11113312,-1.0295,-0.3041,9.6438
11113382,-1.0343,-0.3065,9.7085
11113452,-1.0199,-0.3112,9.7229
11113522,-1.0415,-0.3017,9.7181
11113592,-1.0199,-0.2945,9.6774
11113662,-1.0343,-0.2897,9.6702
11113733,-0.9864,-0.2945,9.6558
11113802,-1.0008,-0.3256,9.6893
11113872,-0.9697,-0.3328,9.6965
11113942,-0.9577,-0.3352,9.6702
11114012,-0.9864,-0.3256,9.6965
11114082,-0.9577,-0.3041,9.6941
11114152,-0.9744,-0.3328,9.6822
11114222,-0.9792,-0.3304,9.7037
11114292,-0.9840,-0.3400,9.6893
11114362,-0.9840,-0.3448,9.6702
11114432,-0.9984,-0.3304,9.6726
11114502,-0.9960,-0.3352,9.7133
11114572,-0.9744,-0.3328,9.7229
11114642,-0.9984,-0.3448,9.7252
11114712,-0.9720,-0.3352,9.7348
11114782,-0.9625,-0.3376,9.6702
11114852,-0.9792,-0.3424,9.6917
11114922,-0.9697,-0.3328,9.7157
11114992,-0.9864,-0.3543,9.7157
11115062,-0.9936,-0.3496,9.7181
11115132,-1.0080,-0.3519,9.6965
11115202,-0.9936,-0.3519,9.6654
11115272,-0.9984,-0.3280,9.6750
11115342,-1.0008,-0.3256,9.6654
11115412,-0.9649,-0.3136,9.6534
11115482,-0.9912,-0.3304,9.6750
11115552,-0.9529,-0.3160,9.6510
11115622,-0.9290,-0.3184,9.6726
11115692,-0.9194,-0.3136,9.6941
11115762,-0.8835,-0.2945,9.6774
11115832,-0.8763,-0.3160,9.6822
11115902,-0.8643,-0.3184,9.6702
11115972,-0.8715,-0.3256,9.6558
11116042,-0.8164,-0.3352,9.6606
11116112,-0.8212,-0.3328,9.6558
11116182,-0.7973,-0.3304,9.6917
11116252,-0.7661,-0.3256,9.6989
11116322,-0.7877,-0.3184,9.7037
11116392,-0.7733,-0.3184,9.7348
11116462,-0.7733,-0.3160,9.6917
11116532,-0.8045,-0.3089,9.6845
11116602,-0.7925,-0.2969,9.6917
11116672,-0.7901,-0.2753,9.6726
11116742,-0.8092,-0.2682,9.6798
11116812,-0.7949,-0.2777,9.6869
11116882,-0.7925,-0.2921,9.6774
11116953,-0.8021,-0.3065,9.7085
11117022,-0.7901,-0.3208,9.6462
11117092,-0.8140,-0.3256,9.6462
11117162,-0.7901,-0.3065,9.6462
11117232,-0.7949,-0.3017,9.5912
11117302,-0.8045,-0.2969,9.6031
11117372,-0.7997,-0.2969,9.6079
11117442,-0.7997,-0.2945,9.6079
11117512,-0.8236,-0.2921,9.6367
11117582,-0.8021,-0.2777,9.7061
11117652,-0.7997,-0.2658,9.6845
11117722,-0.8212,-0.2753,9.6654
11117792,-0.7877,-0.2753,9.7061
11117862,-0.7709,-0.2682,9.6965
11117935,-0.8045,-0.2705,9.7252
11118002,-0.7901,-0.2634,9.7229
11118072,-0.7877,-0.2610,9.6965
11118142,-0.8116,-0.2682,9.7205
11118212,-0.7829,-0.2610,9.7109
11118282,-0.7877,-0.2562,9.7109
11118352,-0.7901,-0.2634,9.6869
11118422,-0.7877,-0.2586,9.6798
11118492,-0.7877,-0.2729,9.6582
11118562,-0.7973,-0.2897,9.6965
11118632,-0.8308,-0.3017,9.7061
11118702,-0.8571,-0.3017,9.6726
11118772,-0.8428,-0.2921,9.6869
11118842,-0.8619,-0.2969,9.6606
11118912,-0.8475,-0.2825,9.6702
11118982,-0.8667,-0.3041,9.6989
11119052,-0.8763,-0.2921,9.7061
11119122,-0.8715,-0.2801,9.6917
11119192,-0.8715,-0.2825,9.6989
11119262,-0.8571,-0.2610,9.6630
11119332,-0.8691,-0.2849,9.6391
11119401,-0.8787,-0.2825,9.7300
11119471,-0.8428,-0.2729,9.7061
11119542,-0.8835,-0.3065,9.7612
11119612,-0.8859,-0.3041,9.7803
11119682,-0.8882,-0.3208,9.7109
11119751,-0.9194,-0.3376,9.7396
11119822,-0.8978,-0.3184,9.7229
11119892,-0.8859,-0.3184,9.7181
11119962,-0.8835,-0.3136,9.6989
11120032,-0.9026,-0.3136,9.6774
11120102,-0.9098,-0.3256,9.6798
11120172,-0.9266,-0.3184,9.6247
11120242,-0.9146,-0.3256,9.6079
11120312,-0.9290,-0.3400,9.6367
11120382,-0.9146,-0.3256,9.6175
11120452,-0.9074,-0.3472,9.6534
11120522,-0.9266,-0.3352,9.6127
11120592,-0.9242,-0.3376,9.6247
11120662,-0.8978,-0.3304,9.6319
11120732,-0.8835,-0.3184,9.6223
11120802,-0.8739,-0.3304,9.6965
11120872,-0.8356,-0.3136,9.6534
11120942,-0.8547,-0.3304,9.6822
11121012,-0.8643,-0.3256,9.7252
11121082,-0.8859,-0.3160,9.6438
11121152,-0.8835,-0.3136,9.6582
11121222,-0.8763,-0.3136,9.6103
11121292,-0.8715,-0.3232,9.5433
11121362,-0.8595,-0.3448,9.6486
11121432,-0.8643,-0.3400,9.6415
11121502,-0.8475,-0.3448,9.6391
11121573,-0.8428,-0.3328,9.6989
11121642,-0.8356,-0.3089,9.6917
11121712,-0.8547,-0.3136,9.7252
11121782,-0.8667,-0.3184,9.6534
11121852,-0.8739,-0.3304,9.6822
11121922,-0.8667,-0.3376,9.6582
11121992,-0.8547,-0.3304,9.6151
11122062,-0.8691,-0.3112,9.7157
11122132,-0.8835,-0.2921,9.6534
11122202,-0.8595,-0.2897,9.6654
11122272,-0.8475,-0.2873,9.6558
11122342,-0.8308,-0.2825,9.6798
11122412,-0.8045,-0.2777,9.6271
11122482,-0.8260,-0.2777,9.6415
11122552,-0.8260,-0.2634,9.6654
11122622,-0.8308,-0.2729,9.5984
11122692,-0.8499,-0.2849,9.6055
11122762,-0.8739,-0.2705,9.6343
11122832,-0.8835,-0.2753,9.6367
11122902,-0.8691,-0.2753,9.6750
11122972,-0.8667,-0.2945,9.7468
11123042,-0.8428,-0.2825,9.7181
11123112,-0.8499,-0.2897,9.6893
11123182,-0.8763,-0.2682,9.6534
11123252,-0.8356,-0.2346,9.6486
11123322,-0.8188,-0.2466,9.6199
11123392,-0.8116,-0.2394,9.7252
11123463,-0.7829,-0.2466,9.7683
11123532,-0.7901,-0.2490,9.7827
11123602,-0.7685,-0.2514,9.7779
11123672,-0.7518,-0.2562,9.6965
11123742,-0.7350,-0.2586,9.7133
11123812,-0.7230,-0.2682,9.7109
11123882,-0.7470,-0.2610,9.6774
11123952,-0.7685,-0.2538,9.6774
11124022,-0.7781,-0.2538,9.6606
11124092,-0.7901,-0.2370,9.6534
11124162,-0.7973,-0.2274,9.7085
11124232,-0.7949,-0.2466,9.6965
11124302,-0.8092,-0.2298,9.6750
11124372,-0.8356,-0.2394,9.6798
11124442,-0.8308,-0.2442,9.6702
11124512,-0.8140,-0.2155,9.6654
11124582,-0.8116,-0.2322,9.6774
11124651,-0.8068,-0.2442,9.6558
11124722,-0.8068,-0.2418,9.6247
11124792,-0.7973,-0.2562,9.6917
11124862,-0.7925,-0.2490,9.7013
11124932,-0.8116,-0.2490,9.7348
11125002,-0.8092,-0.2777,9.7707
11125072,-0.8188,-0.2849,9.7300
11125142,-0.8356,-0.3041,9.6989
11125212,-0.8212,-0.2945,9.7085
11125282,-0.8212,-0.3160,9.6822
11125353,-0.8691,-0.3208,9.6726
11125422,-0.8667,-0.3376,9.6869
11125492,-0.8811,-0.3543,9.6558
11125562,-0.8978,-0.3376,9.6726
11125632,-0.8859,-0.3543,9.6558
11125702,-0.8954,-0.3543,9.6989
11125772,-0.8667,-0.3400,9.7109
11125842,-0.9026,-0.3424,9.7372
11125912,-0.8882,-0.3328,9.7300
11125982,-0.8811,-0.3352,9.7085
11126052,-0.8906,-0.3472,9.7085
11126122,-0.8667,-0.3400,9.7085
11126192,-0.8595,-0.3567,9.7229
11126262,-0.8452,-0.3472,9.6917
11126332,-0.8523,-0.3567,9.6869
11126402,-0.8404,-0.3591,9.6726
11126472,-0.8332,-0.3424,9.7157
11126542,-0.8308,-0.3591,9.7444
11126612,-0.8212,-0.3663,9.6678
11126682,-0.8428,-0.3735,9.6606
11126752,-0.8212,-0.3807,9.6367
11126822,-0.8332,-0.3639,9.6151
11126892,-0.8428,-0.3783,9.6606
11126962,-0.8499,-0.3855,9.6845
11127032,-0.8691,-0.3855,9.6534
11127102,-0.8571,-0.3831,9.6319
11127172,-0.8571,-0.3567,9.6606
11127242,-0.8260,-0.3424,9.6486
11127312,-0.8404,-0.3448,9.6702
11127382,-0.8475,-0.3376,9.6750
11127452,-0.8380,-0.3208,9.6965
11127522,-0.8452,-0.3208,9.6941
11127592,-0.8452,-0.3136,9.6869
11127662,-0.8475,-0.3160,9.7109
11127732,-0.8835,-0.3232,9.7205
11127802,-0.8715,-0.2993,9.7444
11127872,-0.8404,-0.2921,9.7324
11127942,-0.8356,-0.2753,9.7085
11128012,-0.7925,-0.2634,9.6989
11128082,-0.7901,-0.2586,9.6893
11128152,-0.7925,-0.2729,9.6654
11128222,-0.8021,-0.2825,9.6965
11128292,-0.8045,-0.2825,9.6798
11128362,-0.7877,-0.2873,9.6510
11128432,-0.7925,-0.2538,9.6917
11128502,-0.7733,-0.2514,9.6630
11128572,-0.7350,-0.2418,9.6486
11128642,-0.7135,-0.2370,9.6438
11128712,-0.7183,-0.2370,9.6534
11128782,-0.7063,-0.2322,9.6750
11128852,-0.7087,-0.2418,9.7109
11128922,-0.7254,-0.2442,9.7444
11128992,-0.7063,-0.2490,9.7300
11129062,-0.6943,-0.2466,9.7181
11129132,-0.6967,-0.2322,9.7324
11129202,-0.6704,-0.2322,9.7396
11129272,-0.6488,-0.2274,9.7420
11129342,-0.6440,-0.2274,9.7659
11129412,-0.6393,-0.2203,9.7492
11129482,-0.6369,-0.2203,9.7109
11129552,-0.6321,-0.2394,9.6654
11129622,-0.6584,-0.2538,9.6702
11129692,-0.6464,-0.2729,9.6582
11129762,-0.6608,-0.2849,9.6534
11129832,-0.6895,-0.2825,9.6606
11129902,-0.6776,-0.2921,9.6510
11129972,-0.6776,-0.2921,9.6175
11130042,-0.6656,-0.2993,9.6223
11130112,-0.6393,-0.2945,9.6486
11130182,-0.6321,-0.2849,9.6367
11130252,-0.6440,-0.2969,9.6822
11130322,-0.6440,-0.2873,9.6798
11130392,-0.6656,-0.3041,9.6031
11130462,-0.6871,-0.2993,9.6151
11130532,-0.6991,-0.2873,9.6007
11130602,-0.7207,-0.2849,9.6271
11130672,-0.7302,-0.2562,9.7229
11130742,-0.7374,-0.2586,9.7181
11130812,-0.7542,-0.2562,9.7013
11130882,-0.7590,-0.2801,9.6869
11130952,-0.7829,-0.3112,9.6678
11131022,-0.7949,-0.3208,9.6774
11131092,-0.8140,-0.3424,9.6869
11131162,-0.8236,-0.3472,9.6558
11131232,-0.8236,-0.3472,9.7252
11131302,-0.7997,-0.3519,9.7372
11131372,-0.8356,-0.3615,9.7468
11131442,-0.8380,-0.3496,9.7875
11131512,-0.8332,-0.3424,9.7348
11131582,-0.8428,-0.3424,9.7109
11131652,-0.8092,-0.3400,9.7276
11131722,-0.8045,-0.3591,9.7061
11131792,-0.7997,-0.3687,9.6917
11131862,-0.8068,-0.3711,9.6917
11131932,-0.8021,-0.3759,9.6606
11132002,-0.8284,-0.3663,9.6798
11132072,-0.8452,-0.3711,9.6822
11132142,-0.8188,-0.3687,9.6678
11132212,-0.8547,-0.3783,9.6941
11132282,-0.8284,-0.3711,9.6750
11132352,-0.8140,-0.3711,9.6774
11132422,-0.8452,-0.3663,9.6822
11132492,-0.8332,-0.3567,9.6582
11132562,-0.8452,-0.3639,9.6462
11132632,-0.8475,-0.3591,9.6606
11132702,-0.8523,-0.3663,9.6630
11132772,-0.8188,-0.3663,9.6462
11132842,-0.8452,-0.3687,9.6726
11132912,-0.8404,-0.3687,9.7181
11132982,-0.7973,-0.3639,9.7229
11133052,-0.8571,-0.3711,9.7564
11133122,-0.8212,-0.3711,9.7516
11133192,-0.8332,-0.3759,9.6989
11133262,-0.8643,-0.3663,9.7300
11133332,-0.8380,-0.3543,9.7348
11133402,-0.8428,-0.3615,9.7276
11133472,-0.8356,-0.3519,9.7205
11133542,-0.8475,-0.3591,9.6941
11133612,-0.8356,-0.3543,9.6534
11133682,-0.8523,-0.3567,9.6558
11133752,-0.8428,-0.3567,9.7348
11133822,-0.8045,-0.3663,9.7324
11133892,-0.8260,-0.3831,9.7564
11133962,-0.8021,-0.3663,9.7516
11134032,-0.8116,-0.3783,9.6869
11134102,-0.8380,-0.3591,9.7013
11134172,-0.8212,-0.3376,9.7085
11134242,-0.8308,-0.3519,9.7324
11134313,-0.8380,-0.3543,9.7276
11134382,-0.8595,-0.3783,9.7109
11134452,-0.8475,-0.4046,9.6917
11134522,-0.8332,-0.4070,9.6941
11134592,-0.8332,-0.4022,9.7061
11134662,-0.8428,-0.3879,9.6965
11134732,-0.8308,-0.3735,9.7109
11134802,-0.8643,-0.3735,9.6965
11134872,-0.8619,-0.3615,9.7013
11134942,-0.8475,-0.3998,9.6989
11135012,-0.8619,-0.4022,9.6989
11135082,-0.8523,-0.3950,9.6654
11135152,-0.8619,-0.4046,9.6391
11135222,-0.8643,-0.3783,9.6510
11135292,-0.8619,-0.3735,9.6295
11135362,-0.8547,-0.3639,9.6630
11135432,-0.8116,-0.3448,9.6558
11135502,-0.8332,-0.3543,9.6702
11135572,-0.8212,-0.3543,9.6702
11135642,-0.8260,-0.3735,9.6845
11135712,-0.8452,-0.3807,9.7133
11135782,-0.8188,-0.3687,9.7109
11135852,-0.8140,-0.3783,9.7324
11135922,-0.8021,-0.3663,9.7013
11135992,-0.8212,-0.3783,9.6774
11136062,-0.8092,-0.3759,9.6941
11136132,-0.8116,-0.3735,9.6989
11136203,-0.8284,-0.3879,9.6654
11136272,-0.8380,-0.4214,9.6726
11136342,-0.8356,-0.4238,9.6319
11136412,-0.8356,-0.4334,9.6175
11136482,-0.8356,-0.4334,9.6151
11136552,-0.8236,-0.4142,9.6438
11136622,-0.8236,-0.4166,9.6415
11136692,-0.8260,-0.4070,9.6127
11136762,-0.8188,-0.3879,9.6726
11136832,-0.7973,-0.3735,9.6319
11136902,-0.7925,-0.3735,9.6462
11136972,-0.7997,-0.3687,9.6630
11137042,-0.8188,-0.3615,9.6391
11137112,-0.8428,-0.3615,9.6558
11137182,-0.8619,-0.3711,9.6510
11137252,-0.8739,-0.3591,9.6582
11137322,-0.8619,-0.3759,9.6893
11137392,-0.8667,-0.3615,9.7109
11137462,-0.8595,-0.3496,9.6965
11137532,-0.8428,-0.3639,9.7085
11137602,-0.8356,-0.3591,9.7013
11137672,-0.8475,-0.3639,9.6486
11137742,-0.8356,-0.3615,9.6893
11137812,-0.8092,-0.3519,9.6654
11137882,-0.8428,-0.3567,9.6702
11137952,-0.8140,-0.3519,9.6845
11138022,-0.8188,-0.3591,9.6582
11138092,-0.8404,-0.3543,9.6941
11138162,-0.8236,-0.3448,9.6941
11138232,-0.8021,-0.3639,9.7085
11138302,-0.7997,-0.3519,9.7181
11138372,-0.8092,-0.3639,9.7133
11138442,-0.7997,-0.3663,9.7037
11138512,-0.8212,-0.3711,9.7109
11138582,-0.8499,-0.3926,9.7181
11138652,-0.8715,-0.4094,9.7037
11138722,-0.8595,-0.3974,9.7013
11138792,-0.8691,-0.4022,9.6774
11138862,-0.8452,-0.3735,9.6917
11138932,-0.8380,-0.3831,9.7085
11139002,-0.8308,-0.3998,9.7157
11139072,-0.8212,-0.3879,9.7324
11139142,-0.8284,-0.3998,9.7109
11139212,-0.8260,-0.3639,9.6965
11139282,-0.8404,-0.3615,9.6510
11139352,-0.8380,-0.3519,9.6486
11139422,-0.7973,-0.3424,9.6247
11139492,-0.8164,-0.3615,9.6582
11139562,-0.8068,-0.3472,9.6941
11139632,-0.7901,-0.3543,9.7061
11139702,-0.8116,-0.3591,9.7229
11139772,-0.7973,-0.3400,9.7085
11139842,-0.7853,-0.3615,9.7229
11139912,-0.7973,-0.3543,9.7181
11139982,-0.8236,-0.3591,9.7348
11140052,-0.8140,-0.3735,9.7013
11140122,-0.8188,-0.3831,9.6917
11140192,-0.8284,-0.3855,9.6726
11140262,-0.8332,-0.3687,9.6558
11140332,-0.8284,-0.3615,9.6678
11140402,-0.8452,-0.3496,9.6798
11140472,-0.8499,-0.3472,9.6654
11140542,-0.8452,-0.3759,9.6630
11140612,-0.8452,-0.3759,9.6798
11140682,-0.8332,-0.3687,9.6438
11140752,-0.8380,-0.3639,9.6199
11140822,-0.8308,-0.3783,9.6031
11140892,-0.8499,-0.4070,9.6175
11140961,-0.8499,-0.3998,9.6223
11141032,-0.8475,-0.4238,9.6702
11141102,-0.8236,-0.3831,9.6893
11141172,-0.8332,-0.3591,9.6726
11141242,-0.8212,-0.3687,9.6965
11141311,-0.8260,-0.3472,9.6941
11141382,-0.8595,-0.3615,9.6917
11141452,-0.8332,-0.3543,9.6774
11141522,-0.8404,-0.3615,9.6702
11141592,-0.8260,-0.3735,9.6774
11141662,-0.8212,-0.3711,9.6965
11141732,-0.8284,-0.3711,9.7252
11141802,-0.8380,-0.3496,9.6462
11141872,-0.8332,-0.3519,9.6462
11141942,-0.8667,-0.3639,9.6582
11142012,-0.8356,-0.3591,9.6223
11142082,-0.8236,-0.3783,9.7157
11142152,-0.8092,-0.3543,9.7109
11142222,-0.7757,-0.3400,9.6965
11142292,-0.7877,-0.3519,9.6941
11142362,-0.7949,-0.3400,9.6845
11142432,-0.8188,-0.3519,9.6893
11142502,-0.8116,-0.3543,9.6630
11142572,-0.8356,-0.3496,9.6606
11142642,-0.8236,-0.3519,9.6319
11142712,-0.7901,-0.3496,9.6151
11142782,-0.8236,-0.3615,9.6510
11142852,-0.7949,-0.3591,9.6486
11142922,-0.8164,-0.3615,9.6869
11142992,-0.8404,-0.3543,9.6845
11143062,-0.8092,-0.3424,9.6486
11143132,-0.7949,-0.3472,9.6654
11143202,-0.7877,-0.3400,9.6534
11143272,-0.8045,-0.3615,9.6726
11143342,-0.8021,-0.3687,9.7109
11143412,-0.8188,-0.3735,9.7300
11143482,-0.8404,-0.3879,9.6822
11143552,-0.8547,-0.3855,9.6750
11143622,-0.8260,-0.3926,9.6582
11143692,-0.8284,-0.4094,9.6127
11143762,-0.7877,-0.3974,9.6654
11143832,-0.7398,-0.3950,9.6822
11143902,-0.7350,-0.3759,9.6893
11143972,-0.6895,-0.3591,9.7229
11144042,-0.6728,-0.3448,9.7133
11144112,-0.6440,-0.3352,9.6965
11144182,-0.6273,-0.3304,9.6582
11144252,-0.6297,-0.3232,9.6295
11144322,-0.6536,-0.3448,9.6510
11144392,-0.6488,-0.3567,9.6893
11144462,-0.6440,-0.3472,9.7109
11144532,-0.6560,-0.3376,9.7851
11144602,-0.6608,-0.3112,9.8306
11144672,-0.6728,-0.2945,9.7636
11144742,-0.6752,-0.2945,9.7276
11144812,-0.6752,-0.2969,9.6750
11144882,-0.6440,-0.3136,9.6534
11144952,-0.6536,-0.3304,9.6534
11145022,-0.6752,-0.3400,9.7061
11145096,-0.6823,-0.3304,9.6989
11145162,-0.6776,-0.3112,9.6630
11145232,-0.6895,-0.2849,9.6845
11145302,-0.6823,-0.2825,9.7013
11145372,-0.6488,-0.2753,9.6893
11145442,-0.6488,-0.2682,9.7013
11145512,-0.6345,-0.2682,9.7348
11145582,-0.6273,-0.2658,9.6893
11145652,-0.6680,-0.2538,9.6989
11145722,-0.6608,-0.2729,9.7229
11145792,-0.6584,-0.2729,9.7061
11145862,-0.6800,-0.2682,9.7420
11145932,-0.6752,-0.2873,9.7444
11146002,-0.6752,-0.2897,9.7300
11146072,-0.6608,-0.2825,9.7109
11146142,-0.6081,-0.2777,9.6750
11146212,-0.5650,-0.2682,9.6965
11146282,-0.5650,-0.2562,9.6510
11146352,-0.5674,-0.2538,9.6630
11146422,-0.5794,-0.2538,9.6750
11146492,-0.5578,-0.2729,9.6534
11146562,-0.5363,-0.2682,9.6223
11146632,-0.5243,-0.2969,9.6055
11146702,-0.5124,-0.3017,9.6486
11146772,-0.5171,-0.2969,9.6726
11146842,-0.5124,-0.3160,9.7300
11146912,-0.5171,-0.2993,9.7588
11146982,-0.5363,-0.3136,9.7276
11147052,-0.5555,-0.2993,9.7252
11147122,-0.5698,-0.2873,9.6798
11147192,-0.6081,-0.3089,9.6726
11147262,-0.6177,-0.2921,9.7516
11147332,-0.6728,-0.2945,9.7157
11147402,-0.7302,-0.3017,9.7588
11147472,-0.7111,-0.2945,9.7540
11147542,-0.7422,-0.2993,9.5960
11147612,-0.7326,-0.3208,9.6079
11147682,-0.7470,-0.3280,9.6319
11147752,-0.7638,-0.3424,9.6175
11147822,-0.7757,-0.3639,9.6798
11147892,-0.7805,-0.3639,9.6989
11147962,-0.7709,-0.3687,9.6438
11148032,-0.7877,-0.3615,9.6606
11148102,-0.7877,-0.3711,9.6582
11148172,-0.8021,-0.3807,9.7181
11148242,-0.7805,-0.3735,9.7516
11148312,-0.8212,-0.3663,9.7636
11148382,-0.7997,-0.3519,9.7755
11148458,-0.7925,-0.3519,9.7109
11148522,-0.8068,-0.3472,9.7013
11148592,-0.7709,-0.3376,9.6869
11148662,-0.7709,-0.3543,9.6822
11148732,-0.7614,-0.3519,9.6630
11148802,-0.7709,-0.3759,9.6702
11148872,-0.7685,-0.3735,9.6798
11148943,-0.7709,-0.3567,9.6798
11149012,-0.7685,-0.3639,9.7037
11149082,-0.7805,-0.3735,9.7229
11149152,-0.8116,-0.3903,9.6822
11149222,-0.8164,-0.4046,9.6989
11149292,-0.8308,-0.3974,9.6893
11149362,-0.8164,-0.3687,9.5984
11149432,-0.7757,-0.3663,9.6415
11149502,-0.7781,-0.3519,9.6558
11149572,-0.7518,-0.3567,9.6438
11149642,-0.7350,-0.3591,9.7085
11149712,-0.7183,-0.3591,9.7037
11149782,-0.6967,-0.3663,9.6774
11149852,-0.7039,-0.3496,9.6893
11149922,-0.6847,-0.3567,9.7205
11149992,-0.6967,-0.3448,9.7133
11150062,-0.7015,-0.3328,9.7085
11150132,-0.7230,-0.3448,9.7085
11150202,-0.7518,-0.3352,9.6869
11150272,-0.7757,-0.3424,9.7061
11150342,-0.7805,-0.3304,9.7324
11150412,-0.7566,-0.3232,9.7109
11150482,-0.7326,-0.3280,9.6965
11150552,-0.7087,-0.3208,9.6893
11150622,-0.7159,-0.3328,9.6558
11150692,-0.7135,-0.3328,9.6606
11150762,-0.7350,-0.3208,9.6869
11150832,-0.7278,-0.3232,9.6869
11150902,-0.6991,-0.3041,9.7037
11150972,-0.6919,-0.3041,9.7516
11151042,-0.6943,-0.2921,9.7300
11151112,-0.7087,-0.2801,9.6893
11151182,-0.6800,-0.2634,9.6654
11151251,-0.6823,-0.2322,9.6462
11151322,-0.6704,-0.2251,9.6127
11151392,-0.6393,-0.2179,9.6750
11151462,-0.6823,-0.2370,9.7205
11151532,-0.6704,-0.2418,9.7013
11151602,-0.6488,-0.2394,9.7276
11151672,-0.6632,-0.2394,9.7013
11151742,-0.6536,-0.2394,9.6845
11151812,-0.6369,-0.2418,9.6869
11151882,-0.6345,-0.2346,9.6965
11151952,-0.6345,-0.2274,9.6965
11152022,-0.6393,-0.2155,9.7037
11152092,-0.6632,-0.2107,9.7109
11152162,-0.6680,-0.2346,9.7181
11152232,-0.6129,-0.2394,9.6822
11152302,-0.6081,-0.2562,9.6367
11152372,-0.6177,-0.2586,9.6582
11152442,-0.6177,-0.2586,9.6893
11152512,-0.6464,-0.2610,9.7037
11152582,-0.6416,-0.2562,9.7157
11152652,-0.6249,-0.2658,9.6893
11152722,-0.6345,-0.2658,9.6103
11152792,-0.6345,-0.2682,9.6367
11152862,-0.6081,-0.2849,9.6558
11152932,-0.6345,-0.2969,9.6869
11153002,-0.6057,-0.2801,9.7109
11153072,-0.6033,-0.3256,9.7252
11153142,-0.6153,-0.3136,9.7396
11153212,-0.6009,-0.3232,9.7372
11153282,-0.5962,-0.3472,9.7516
11153352,-0.5938,-0.3184,9.7109
11153422,-0.6081,-0.3424,9.7109
11153492,-0.5986,-0.3352,9.7013
11153562,-0.6153,-0.3376,9.7061
11153632,-0.6345,-0.3400,9.7205
11153702,-0.6536,-0.3328,9.7061
11153772,-0.6680,-0.3376,9.7468
11153842,-0.6704,-0.3208,9.7564
11153912,-0.7063,-0.3136,9.7636
11153982,-0.6967,-0.3065,9.7540
11154052,-0.6919,-0.2969,9.7037
11154122,-0.7063,-0.3017,9.6654
11154192,-0.6991,-0.2921,9.6702
11154262,-0.7159,-0.2849,9.6606
11154332,-0.7326,-0.2849,9.6438
11154402,-0.7398,-0.2969,9.6678
11154472,-0.7398,-0.3280,9.6486
11154542,-0.7302,-0.3352,9.6750
11154612,-0.7398,-0.3328,9.7085
11154682,-0.7542,-0.3328,9.7061
11154752,-0.7733,-0.3184,9.6151
11154822,-0.7925,-0.3328,9.6007
11154892,-0.7757,-0.3376,9.5768
11154962,-0.7709,-0.3400,9.5792
11155032,-0.7518,-0.3304,9.7061
11155102,-0.7494,-0.3304,9.7085
11155172,-0.7542,-0.3376,9.7157
11155242,-0.7470,-0.3304,9.7133
11155312,-0.7470,-0.3448,9.6965
11155382,-0.7446,-0.3352,9.7013
11155452,-0.7374,-0.3328,9.7037
11155522,-0.7230,-0.3472,9.7540
11155592,-0.6919,-0.3328,9.7157
11155665,-0.6752,-0.3496,9.6391
11155732,-0.6704,-0.3783,9.6462
11155802,-0.6488,-0.3711,9.6103
11155872,-0.6488,-0.3855,9.6127
11155942,-0.6249,-0.3759,9.6798
11156012,-0.6225,-0.3567,9.6798
11156082,-0.6297,-0.3615,9.6726
11156152,-0.6057,-0.3519,9.6750
11156222,-0.6081,-0.3400,9.6750
11156292,-0.5818,-0.3496,9.6510
11156362,-0.5938,-0.3472,9.6295
11156432,-0.6009,-0.3519,9.6319
11156501,-0.5962,-0.3663,9.6127
11156572,-0.6345,-0.3496,9.6319
11156642,-0.6105,-0.3567,9.6582
11156712,-0.6225,-0.3496,9.6845
11156782,-0.6273,-0.3304,9.7133
11156854,-0.6225,-0.3184,9.7205
11156922,-0.6416,-0.3041,9.6941
11156992,-0.6345,-0.3089,9.6822
11157062,-0.6369,-0.3136,9.6510
11157132,-0.6321,-0.3112,9.6558
11157202,-0.6105,-0.3041,9.6893
11157272,-0.5890,-0.3112,9.7013
11157342,-0.6057,-0.3160,9.7396
11157412,-0.5818,-0.3232,9.7133
11157482,-0.5818,-0.3256,9.6941
11157552,-0.6009,-0.3160,9.6917
11157623,-0.5962,-0.3160,9.6917
11157692,-0.5842,-0.3112,9.6845
11157762,-0.5890,-0.3160,9.6726
11157832,-0.6057,-0.3208,9.6798
11157902,-0.5890,-0.3136,9.6391
11157972,-0.6057,-0.3304,9.6079
11158042,-0.6249,-0.3448,9.6438
11158113,-0.6009,-0.3184,9.6223
11158182,-0.5986,-0.3112,9.6606
11158252,-0.6105,-0.2945,9.6367
11158322,-0.6105,-0.2753,9.6367
11158392,-0.6105,-0.2921,9.6151
11158462,-0.6129,-0.2825,9.6319
11158532,-0.6057,-0.2729,9.6917
11158602,-0.5890,-0.2538,9.6845
11158672,-0.6057,-0.2346,9.6893
11158742,-0.6129,-0.2610,9.6223
11158812,-0.6225,-0.2682,9.6462
11158882,-0.6321,-0.2801,9.6438
11158952,-0.6321,-0.2921,9.6726
11159022,-0.6488,-0.2729,9.6917
11159092,-0.6632,-0.2634,9.6822
11159162,-0.6752,-0.2538,9.6774
11159232,-0.6847,-0.2562,9.6750
11159302,-0.6752,-0.2490,9.6822
11159373,-0.6704,-0.2562,9.6750
11159443,-0.6800,-0.2825,9.6438
11159512,-0.6800,-0.2993,9.6415
11159582,-0.6943,-0.3256,9.7085
11159652,-0.7135,-0.3136,9.6941
11159722,-0.7278,-0.2969,9.7444
11159792,-0.7374,-0.2873,9.7516
11159862,-0.7350,-0.2801,9.6295
11159932,-0.7254,-0.2849,9.6295
11160002,-0.7230,-0.2873,9.6415
11160072,-0.7135,-0.2873,9.6271
11160142,-0.7159,-0.2825,9.6941
11160212,-0.7111,-0.2969,9.7157
11160282,-0.7111,-0.3089,9.6917
11160354,-0.7207,-0.3089,9.7324
11160422,-0.7135,-0.3112,9.7444
11160500,-0.7302,-0.3328,9.6989
11160562,-0.7278,-0.3352,9.6726
11160632,-0.7302,-0.3280,9.6415
11160702,-0.7494,-0.3256,9.6295
11160772,-0.7326,-0.2849,9.6989
11160842,-0.7398,-0.2873,9.7061
11160912,-0.7374,-0.2873,9.7252
11160982,-0.7254,-0.2873,9.7324
11161052,-0.7254,-0.3065,9.6965
11161122,-0.7159,-0.2993,9.7061
11161192,-0.7087,-0.3065,9.6845
11161262,-0.7183,-0.3017,9.6654
11161332,-0.7087,-0.2993,9.6654
11161402,-0.6752,-0.2921,9.6558
11161472,-0.7230,-0.2969,9.6798
11161542,-0.6967,-0.2897,9.7013
11161612,-0.6895,-0.2921,9.7013
11161683,-0.7111,-0.2801,9.7061
11161752,-0.6943,-0.2753,9.6893
11161822,-0.6991,-0.2921,9.6702
11161892,-0.7039,-0.2777,9.6630
11161962,-0.6967,-0.2945,9.6558
11162032,-0.6704,-0.2969,9.6486
11162102,-0.6823,-0.2969,9.6750
11162172,-0.6919,-0.3065,9.6917
11162242,-0.7230,-0.3304,9.6223
11162312,-0.7254,-0.3543,9.6415
11162382,-0.7087,-0.3472,9.6319
11162452,-0.7063,-0.3591,9.6199
11162522,-0.6991,-0.3448,9.7013
11162593,-0.7039,-0.3328,9.6989
11162662,-0.7183,-0.3376,9.6917
11162732,-0.7039,-0.3256,9.7013
11162802,-0.6967,-0.3160,9.6893
11162872,-0.6991,-0.2993,9.7013
11162942,-0.7039,-0.2921,9.7181
11163012,-0.7063,-0.2753,9.6678
11163082,-0.7015,-0.2897,9.6247
11163152,-0.7230,-0.3136,9.6223
11163222,-0.6967,-0.3136,9.5960
11163292,-0.7111,-0.3352,9.6319
11163362,-0.7302,-0.3280,9.6438
11163432,-0.7087,-0.3232,9.6295
11163502,-0.7374,-0.3232,9.6391
11163572,-0.7111,-0.3184,9.6558
11163642,-0.6847,-0.3184,9.7085
11163712,-0.6847,-0.2993,9.7013
11163782,-0.6776,-0.3065,9.6965
11163852,-0.6919,-0.2969,9.7492
11163922,-0.6823,-0.2705,9.7612
11163993,-0.7111,-0.2753,9.7731
11164062,-0.6967,-0.2729,9.7851
11164132,-0.6967,-0.2873,9.7444
11164202,-0.7087,-0.2945,9.7396
11164272,-0.6847,-0.2873,9.7300
11164342,-0.6823,-0.2921,9.7205
11164412,-0.6943,-0.2825,9.7085
11164482,-0.7087,-0.2921,9.6893
11164552,-0.7039,-0.3017,9.7205
11164622,-0.7230,-0.2897,9.6845
11164692,-0.7087,-0.3184,9.6199
11164762,-0.7159,-0.3424,9.6391
11164832,-0.7039,-0.3256,9.6079
11164902,-0.7039,-0.3376,9.6510
11164972,-0.7230,-0.3208,9.6462
11165042,-0.7111,-0.3160,9.6343
11165112,-0.7087,-0.3328,9.6271
11165182,-0.7015,-0.3184,9.6151
11165252,-0.7039,-0.3112,9.6965
11165322,-0.7111,-0.2993,9.6941
11165392,-0.7183,-0.3065,9.7085
11165462,-0.7446,-0.3232,9.7252
11165532,-0.7494,-0.3256,9.6917
11165602,-0.7350,-0.3208,9.6917
11165672,-0.7398,-0.3304,9.6845
11165741,-0.7183,-0.3112,9.7013
11165812,-0.7159,-0.3160,9.7037
11165882,-0.7326,-0.3136,9.7252
11165952,-0.7278,-0.2945,9.7085
11166022,-0.7254,-0.3065,9.6917
11166092,-0.7230,-0.3089,9.7157
11166162,-0.7015,-0.3304,9.6678
11166232,-0.6919,-0.3232,9.7731
11166302,-0.6680,-0.3136,9.7731
11166372,-0.7015,-0.3017,9.7731
11166442,-0.6943,-0.2897,9.8067
11166512,-0.6871,-0.2897,9.7229
11166582,-0.7135,-0.2777,9.7372
11166652,-0.6871,-0.2753,9.7372
11166722,-0.6895,-0.2777,9.7252
11166791,-0.6943,-0.2897,9.7205
11166862,-0.7039,-0.3065,9.6989
11166932,-0.6823,-0.3041,9.6941
11167002,-0.6823,-0.3041,9.7085
11167072,-0.7183,-0.3089,9.7420
11167142,-0.7278,-0.3136,9.7181
11167212,-0.7135,-0.3232,9.7252
11167282,-0.7326,-0.3232,9.6893
11167352,-0.7135,-0.2993,9.7181
11167422,-0.7207,-0.3089,9.7540
11167492,-0.7374,-0.3065,9.7540
11167562,-0.7326,-0.2969,9.7516
11167632,-0.7326,-0.3160,9.6845
11167702,-0.7254,-0.2969,9.6726
11167772,-0.7159,-0.2969,9.6678
11167842,-0.6967,-0.3017,9.6893
11167912,-0.7230,-0.3065,9.7229
11167982,-0.7278,-0.3208,9.6965
11168052,-0.7230,-0.3232,9.6893
11168122,-0.7446,-0.3352,9.6750
11168192,-0.7207,-0.3184,9.6462
11168262,-0.7183,-0.3136,9.6510
11168332,-0.7374,-0.3112,9.6774
11168402,-0.7302,-0.3041,9.6822
11168472,-0.7183,-0.3160,9.6774
11168542,-0.7087,-0.3136,9.7061
11168612,-0.7087,-0.3160,9.6630
11168682,-0.7135,-0.3160,9.6654
11168752,-0.7302,-0.3089,9.7420
11168822,-0.6895,-0.2993,9.7372
11168892,-0.7230,-0.3089,9.7564
11168962,-0.7039,-0.3041,9.7492
11169032,-0.6776,-0.2993,9.6941
11169102,-0.6847,-0.3017,9.6941
11169172,-0.6512,-0.2849,9.6941
11169246,-0.6369,-0.2801,9.7109
11169312,-0.6297,-0.2825,9.6702
11169382,-0.6440,-0.2873,9.6893
11169452,-0.6440,-0.2825,9.6654
11169522,-0.6752,-0.2729,9.6510
11169592,-0.6656,-0.2729,9.6510
11169662,-0.6704,-0.2705,9.6199
11169732,-0.6752,-0.2682,9.6606
11169802,-0.6704,-0.2777,9.6486
11169872,-0.7015,-0.2729,9.6367
11169942,-0.7087,-0.2586,9.6558
11170012,-0.6871,-0.2514,9.6415
11170082,-0.6632,-0.2538,9.6630
11170152,-0.6488,-0.2538,9.6774
11170222,-0.6393,-0.2705,9.6606
11170292,-0.6321,-0.2538,9.6534
11170362,-0.6488,-0.2514,9.5984
11170432,-0.6680,-0.2610,9.6534
11170502,-0.6608,-0.2658,9.6343
11170572,-0.6632,-0.3017,9.6247
11170642,-0.6464,-0.2801,9.7085
11170712,-0.6512,-0.2705,9.6893
11170781,-0.6416,-0.2610,9.6822
11170852,-0.6369,-0.2466,9.6822
11170922,-0.6512,-0.2729,9.6678
11170992,-0.6153,-0.2634,9.6367
11171062,-0.5890,-0.2873,9.6151
11171132,-0.5866,-0.3136,9.6774
11171202,-0.5243,-0.3017,9.6558
11171272,-0.5100,-0.3424,9.6774
11171342,-0.5148,-0.3400,9.6917
11171412,-0.4836,-0.3400,9.6391
11171482,-0.4980,-0.3543,9.6558
11171552,-0.4956,-0.3424,9.6486
11171622,-0.5004,-0.3496,9.6893
11171692,-0.5171,-0.3472,9.7061
11171762,-0.5483,-0.3424,9.6965
11171832,-0.5626,-0.3496,9.6343
11171902,-0.5914,-0.3567,9.6845
11171972,-0.5890,-0.3519,9.6630
11172042,-0.6009,-0.3496,9.6654
11172112,-0.6273,-0.3519,9.7300
11172182,-0.6225,-0.3472,9.6917
11172252,-0.6488,-0.3472,9.6822
11172322,-0.6704,-0.3543,9.6845
11172392,-0.6752,-0.3424,9.6845
11172462,-0.6919,-0.3232,9.6726
11172533,-0.7111,-0.3160,9.6965
11172602,-0.7207,-0.3184,9.6726
11172672,-0.7446,-0.3304,9.6199
11172742,-0.7111,-0.3639,9.6127
11172812,-0.7278,-0.3711,9.6343
11172882,-0.7111,-0.3807,9.6391
11172952,-0.6847,-0.3735,9.6798
11173022,-0.7207,-0.3567,9.6654
11173092,-0.7135,-0.3663,9.6558
11173162,-0.7159,-0.3591,9.6438
11173232,-0.7278,-0.3567,9.6558
11173302,-0.7374,-0.3519,9.6845
11173372,-0.7230,-0.3567,9.6654
11173443,-0.7494,-0.3567,9.6989
11173512,-0.7638,-0.3615,9.6965
11173582,-0.7518,-0.3472,9.6774
11173652,-0.7398,-0.3424,9.6630
11173722,-0.7542,-0.3687,9.6822
11173792,-0.7039,-0.3639,9.6510
11173862,-0.7063,-0.3807,9.6702
11173932,-0.7063,-0.3783,9.6151
11174002,-0.6704,-0.3543,9.6055
11174072,-0.6752,-0.3567,9.6295
11174142,-0.6440,-0.3543,9.6151
11174212,-0.6464,-0.3639,9.6965
11174282,-0.6297,-0.3687,9.6941
11174352,-0.6632,-0.3807,9.6917
11174423,-0.6321,-0.3831,9.7109
11174492,-0.6536,-0.3926,9.7252
11174562,-0.6752,-0.3926,9.6750
11174632,-0.6440,-0.3903,9.6893
11174702,-0.6919,-0.3950,9.6893
11174772,-0.6584,-0.3807,9.7037
11174842,-0.6560,-0.3783,9.7420
11174912,-0.6488,-0.3663,9.7851
11174982,-0.6225,-0.3615,9.7492
11175052,-0.6081,-0.3519,9.6917
11175122,-0.5866,-0.3519,9.6917
11175192,-0.6033,-0.3496,9.6438
11175262,-0.6057,-0.3424,9.6127
11175332,-0.5986,-0.3687,9.5792
11175402,-0.6153,-0.3711,9.6007
11175472,-0.5938,-0.3855,9.6055
11175542,-0.6153,-0.3783,9.6582
11175612,-0.6297,-0.3472,9.7205
11175682,-0.6440,-0.3376,9.7133
11175752,-0.6488,-0.3160,9.6893
11175822,-0.6201,-0.3041,9.6726
11175892,-0.6369,-0.2921,9.6534
11175962,-0.6369,-0.2729,9.6462
11176032,-0.6704,-0.2610,9.7061
11176102,-0.6823,-0.2634,9.7157
11176172,-0.7063,-0.2801,9.7252
11176242,-0.6919,-0.2969,9.7252
11176312,-0.6776,-0.2993,9.6654
11176382,-0.7087,-0.2801,9.6654
11176452,-0.6991,-0.2538,9.6582
11176522,-0.6823,-0.2370,9.6462
11176592,-0.6680,-0.2251,9.6415
11176662,-0.6488,-0.2370,9.6510
11176732,-0.6345,-0.2466,9.6869
11176802,-0.6249,-0.2586,9.6606
11176872,-0.6656,-0.2897,9.7061
11176942,-0.6680,-0.3089,9.7037
11177012,-0.6416,-0.3184,9.6869
11177082,-0.6656,-0.3112,9.6989
11177152,-0.6512,-0.2897,9.6822
11177223,-0.6416,-0.2753,9.6558
11177292,-0.6369,-0.2682,9.6151
11177362,-0.6488,-0.2634,9.6486
11177432,-0.6081,-0.2682,9.6630
11177502,-0.6081,-0.2873,9.6391
11177572,-0.6560,-0.3089,9.7109
11177642,-0.6249,-0.3112,9.6965
11177712,-0.6129,-0.3041,9.6702
11177782,-0.6369,-0.2825,9.6271
11177852,-0.6249,-0.2729,9.5888
11177922,-0.6393,-0.2705,9.5481
11177992,-0.6512,-0.2729,9.5672
11178062,-0.6416,-0.2753,9.6582
11178132,-0.6440,-0.2705,9.6558
11178202,-0.6464,-0.3160,9.7013
11178272,-0.6728,-0.3136,9.6462
11178342,-0.6393,-0.3089,9.6367
11178412,-0.6488,-0.3136,9.6582
11178482,-0.6345,-0.2729,9.6462
11178552,-0.6273,-0.2729,9.7109
11178622,-0.6512,-0.2753,9.6845
11178692,-0.6560,-0.2682,9.6630
11178762,-0.6488,-0.2562,9.6702
11178832,-0.6440,-0.2562,9.6295
11178902,-0.6488,-0.2586,9.6869
11178972,-0.6393,-0.2658,9.6845
11179042,-0.6488,-0.2897,9.7061
11179112,-0.6584,-0.2945,9.7396
11179182,-0.6464,-0.2993,9.7157
11179252,-0.6464,-0.2993,9.6079
11179322,-0.6728,-0.3017,9.6007
11179392,-0.6752,-0.3136,9.5864
11179462,-0.6919,-0.3256,9.5984
11179532,-0.6919,-0.3232,9.7013
11179602,-0.6895,-0.3160,9.6893
11179672,-0.7063,-0.3112,9.6822
11179742,-0.7135,-0.3089,9.6702
11179812,-0.7063,-0.3184,9.6774
11179882,-0.7039,-0.3208,9.6822
11179952,-0.7207,-0.3352,9.6845
11180022,-0.7111,-0.3448,9.7157
11180092,-0.7230,-0.3472,9.6941
11180162,-0.7207,-0.3711,9.6151
11180232,-0.7135,-0.3855,9.6295
11180302,-0.7230,-0.3663,9.6055
11180372,-0.7302,-0.3615,9.5768
11180442,-0.7350,-0.3424,9.6798
11180512,-0.7278,-0.3232,9.6630
11180582,-0.7230,-0.3376,9.7061
11180652,-0.7039,-0.3496,9.7803
11180722,-0.6728,-0.3567,9.7564
11180792,-0.6584,-0.3615,9.7659
11180862,-0.6560,-0.3591,9.7396
11180932,-0.6847,-0.3543,9.6989
11181002,-0.6871,-0.3591,9.7133
11181072,-0.6512,-0.3424,9.7252
11181142,-0.6895,-0.3519,9.7157
11181212,-0.6584,-0.3280,9.7157
11181282,-0.6752,-0.3136,9.7013
11181352,-0.7087,-0.3136,9.6965
11181422,-0.6967,-0.3065,9.6702
11181492,-0.7063,-0.3352,9.6798
11181562,-0.6895,-0.3208,9.6869
11181632,-0.7039,-0.3496,9.6726
11181702,-0.6871,-0.3424,9.7013
11181772,-0.6919,-0.3328,9.7085
11181842,-0.6991,-0.3424,9.6319
11181912,-0.6680,-0.3208,9.6438
11181983,-0.7015,-0.3448,9.6654
11182052,-0.6632,-0.3160,9.6486
11182122,-0.6800,-0.3448,9.6893
11182192,-0.6656,-0.3376,9.5984
11182262,-0.6345,-0.2945,9.5936
11182332,-0.6752,-0.3017,9.6031
11182402,-0.6728,-0.2945,9.6438
11182472,-0.7326,-0.3160,9.7157
11182542,-0.7566,-0.3519,9.6630
11182612,-0.8164,-0.2945,9.6869
11182682,-0.4693,-0.3017,9.6558
11182752,-0.6369,-0.5076,9.6438
11182822,-0.6680,-0.5626,9.6606
11182892,-0.5698,-0.6512,9.6534
11182962,-0.9218,-0.6608,9.6630
11183032,-0.7853,-0.4166,9.6750
11183102,-0.7566,-0.2897,9.6798
11183172,-0.7614,-0.2490,9.6965
11183242,-0.8667,-0.1939,9.7061
11183312,-0.8523,-0.1700,9.6534
11183382,-0.8835,-0.1628,9.6486
11183452,-0.9170,-0.1077,9.6103
11183522,-0.9146,-0.0934,9.6127
11183592,-0.9553,-0.0838,9.6869
11183662,-1.0654,-0.0958,9.8402
11183732,-1.0774,-0.2682,9.9503
11183802,-1.0582,-0.1963,10.0772
11183871,-0.8404,0.0575,9.9862
11183942,-1.0104,0.0646,9.8737
11184012,-1.2258,0.0838,9.8162
11184082,-0.3855,0.0694,9.7037
11184152,-0.0503,-0.0527,9.9000
11184222,1.5634,0.0694,9.4260
11184292,3.8666,0.3424,9.1866
11184362,5.0230,0.5483,9.3182
11184432,6.4883,1.3336,7.6327
11184502,7.2544,1.9441,6.2201
11184572,7.5202,2.7797,4.2114
11184642,7.6782,3.7661,1.2210
11184712,7.5250,4.1013,-0.2059
11184782,6.9192,4.6878,-1.9273
11184852,5.9496,5.2337,-3.4429
11184922,5.2433,5.5067,-4.2545
11184992,4.7764,5.7341,-5.3774
11185062,4.6902,5.8442,-5.6479
11185132,4.5490,5.9041,-6.6822
11185202,4.6064,5.8251,-7.0701
11185272,4.4963,5.8419,-7.1730
11185342,4.4341,5.8442,-7.4508
11185412,4.4676,5.7676,-6.9288
11185482,4.2377,5.8538,-7.0318
11185552,4.1324,5.7940,-6.9695
