# Created by Octave 4.2.1, Fri Dec 29 17:45:45 2017 -02 <jcscheunemann@Lisa>
# name: ans
# type: scalar
14.28571428571429


# name: data
# type: matrix
# rows: 1152
# columns: 4
 11094832 1.8507 9.0764 -3.6081
 11095466 1.6664 9.0549 -2.8826
 11095532 1.6783 9.098000000000001 -2.9497
 11095602 1.7071 9.0549 -3.1891
 11095672 1.7214 9.0716 -3.2441
 11095742 1.719 9.0573 -3.2705
 11095812 1.6688 9.0573 -3.2346
 11095882 1.64 9.0525 -3.2513
 11095952 1.6257 9.047700000000001 -3.1723
 11096022 1.64 9.0573 -3.2489
 11096092 1.652 9.0501 -3.2034
 11096162 1.6257 9.062099999999999 -3.1867
 11096232 1.6568 9.0692 -3.2178
 11096302 1.7047 9.009399999999999 -3.1532
 11096372 1.7573 8.983000000000001 -3.1987
 11096442 1.8004 8.9519 -3.1987
 11096512 1.7573 9.019 -3.1867
 11096582 1.6592 9.1243 -3.1077
 11096652 1.6472 9.1099 -3.2465
 11096723 1.6161 9.1435 -3.1891
 11096797 1.64 9.0357 -3.2896
 11096862 1.6879 8.978300000000001 -3.4644
 11096932 1.6975 8.959099999999999 -3.5338
 11106102 8.837 2.715 -2.8706
 11106666 8.779500000000001 2.8467 -2.5498
 11106732 8.779500000000001 2.8395 -2.4373
 11106802 8.7987 2.8802 -2.5857
 11106872 8.774699999999999 2.8395 -2.5187
 11106944 8.793900000000001 2.7701 -2.5618
 11107012 8.6694 2.5474 -2.3894
 11107082 8.849 2.3248 -2.1739
 11107152 9.164999999999999 2.2769 -1.798
 11107222 9.452299999999999 2.2386 -1.4892
 11107292 9.641400000000001 2.3439 -1.0942
 11107362 9.5768 2.2865 -1.1779
 11107432 9.177 2.0446 -1.063
 11107502 9.0261 1.8292 -1.3599
 11107572 9.0357 1.6065 -1.6903
 11107642 8.994999999999999 1.5969 -1.5682
 11107712 9.145899999999999 1.4964 -1.9106
 11107782 9.0166 1.482 -1.6065
 11107852 9.0501 1.3647 -1.4653
 11107922 9.270300000000001 1.3503 -1.0965
 11107992 9.287100000000001 1.3838 -0.2514
 11108062 9.440300000000001 1.2234 0.1341
 11108132 8.760400000000001 1.0367 0.7949000000000001
 11108202 7.6112 0.407 1.4413
 11108272 6.9264 0.0335 2.897
 11108342 5.1763 -0.3112 4.81
 11108412 4.0845 -0.6847 7.2544
 11108482 2.6073 -0.3304 9.493
 11108552 1.3024 -0.4573 10.6327
 11108622 0.7087 -0.498 11.1977
 11108692 -0.0958 -0.2131 10.9702
 11108762 -0 -0.4621 10.7763
 11108832 -0.4286 -0.5004 10.2807
 11108902 -0.3926 -0.1891 10.0844
 11108972 -0.7087 -0.2035 9.658200000000001
 11109042 -0.8905999999999999 -0.1197 9.516999999999999
 11109112 -0.9553 0.0335 9.493
 11109182 -1.1923 -0.1293 9.5624
 11109252 -0.7518 -0.1676 9.7468
 11109322 -0.7326 -0.1604 9.691700000000001
 11109392 -0.7422 -0.158 9.6654
 11109462 -0.7542 -0.1341 9.6774
 11109532 -0.7374000000000001 -0.1101 9.706099999999999
 11109602 -0.7326 -0.103 9.6774
 11109672 -0.6656 -0.1724 9.6774
 11109742 -0.6488 -0.2466 9.6462
 11109812 -0.668 -0.249 9.571999999999999
 11109882 -0.7207 -0.2203 9.6319
 11109952 -0.6871 -0.2227 9.6845
 11110022 -0.735 -0.3639 9.672599999999999
 11110092 -0.6991000000000001 -0.4405 9.811400000000001
 11110162 -0.6081 -0.498 9.813800000000001
 11110232 -0.6991000000000001 -0.4334 9.7827
 11110302 -0.7159 -0.2394 9.8354
 11110372 -0.8236 -0.261 9.8019
 11110443 -0.8404 -0.3089 9.792299999999999
 11110512 -0.9313 -0.4357 9.823399999999999
 11110582 -0.8859 -0.4405 9.873699999999999
 11110652 -0.8332000000000001 -0.2179 9.9168
 11110722 -0.8332000000000001 -0.0311 9.876099999999999
 11110792 -0.7614 0.0503 9.7707
 11110862 -0.8835 0.0048 9.8043
 11110933 -0.9577 -0.1915 9.758800000000001
 11111002 -1.2258 -0.4381 9.742000000000001
 11111072 -1.2474 -0.4501 9.739599999999999
 11111142 -1.2522 -0.4094 9.619899999999999
 11111212 -1.3982 -0.1796 9.586399999999999
 11111282 -1.1923 -0.1245 9.624700000000001
 11111352 -1.1061 -0.1341 9.6822
 11111422 -0.9433 -0.2729 9.6462
 11111492 -0.7756999999999999 -0.4214 9.675000000000001
 11111562 -0.996 -0.6032999999999999 9.56
 11111632 -0.9601 -0.747 9.6007
 11111702 -1.0319 -0.6823 9.6822
 11111772 -1.0008 -0.747 9.639099999999999
 11111842 -0.7901 -0.5722 9.663
 11111912 -0.9457 -0.4453 9.619899999999999
 11111982 -0.9577 -0.431 9.5505
 11112052 -0.9816 -0.3926 9.555300000000001
 11112122 -1.0175 -0.3519 9.622299999999999
 11112192 -0.972 -0.3136 9.651
 11112262 -0.9601 -0.2777 9.672599999999999
 11112332 -1.0606 -0.3112 9.722899999999999
 11112402 -1.0271 -0.3208 9.7013
 11112472 -1.0247 -0.3424 9.6774
 11112542 -1.0127 -0.3496 9.694100000000001
 11112612 -0.9744 -0.316 9.7037
 11112682 -0.9744 -0.316 9.710900000000001
 11112753 -0.984 -0.2921 9.7013
 11112822 -1.0199 -0.3041 9.6127
 11112892 -1.0127 -0.3328 9.641500000000001
 11112962 -0.9912 -0.316 9.6678
 11113032 -1.0391 -0.3208 9.689299999999999
 11113102 -1.0104 -0.3184 9.73
 11113172 -1.0104 -0.3065 9.6462
 11113242 -1.0439 -0.3065 9.624700000000001
 11113312 -1.0295 -0.3041 9.643800000000001
 11113382 -1.0343 -0.3065 9.708500000000001
 11113452 -1.0199 -0.3112 9.722899999999999
 11113522 -1.0415 -0.3017 9.7181
 11113592 -1.0199 -0.2945 9.6774
 11113662 -1.0343 -0.2897 9.670199999999999
 11113733 -0.9864000000000001 -0.2945 9.655799999999999
 11113802 -1.0008 -0.3256 9.689299999999999
 11113872 -0.9697 -0.3328 9.6965
 11113942 -0.9577 -0.3352 9.670199999999999
 11114012 -0.9864000000000001 -0.3256 9.6965
 11114082 -0.9577 -0.3041 9.694100000000001
 11114152 -0.9744 -0.3328 9.6822
 11114222 -0.9792 -0.3304 9.7037
 11114292 -0.984 -0.34 9.689299999999999
 11114362 -0.984 -0.3448 9.670199999999999
 11114432 -0.9984 -0.3304 9.672599999999999
 11114502 -0.996 -0.3352 9.7133
 11114572 -0.9744 -0.3328 9.722899999999999
 11114642 -0.9984 -0.3448 9.725199999999999
 11114712 -0.972 -0.3352 9.7348
 11114782 -0.9625 -0.3376 9.670199999999999
 11114852 -0.9792 -0.3424 9.691700000000001
 11114922 -0.9697 -0.3328 9.7157
 11114992 -0.9864000000000001 -0.3543 9.7157
 11115062 -0.9936 -0.3496 9.7181
 11115132 -1.008 -0.3519 9.6965
 11115202 -0.9936 -0.3519 9.6654
 11115272 -0.9984 -0.328 9.675000000000001
 11115342 -1.0008 -0.3256 9.6654
 11115412 -0.9649 -0.3136 9.6534
 11115482 -0.9912 -0.3304 9.675000000000001
 11115552 -0.9529 -0.316 9.651
 11115622 -0.929 -0.3184 9.672599999999999
 11115692 -0.9194 -0.3136 9.694100000000001
 11115762 -0.8835 -0.2945 9.6774
 11115832 -0.8763 -0.316 9.6822
 11115902 -0.8643 -0.3184 9.670199999999999
 11115972 -0.8715000000000001 -0.3256 9.655799999999999
 11116042 -0.8164 -0.3352 9.660600000000001
 11116112 -0.8212 -0.3328 9.655799999999999
 11116182 -0.7973 -0.3304 9.691700000000001
 11116252 -0.7661 -0.3256 9.6989
 11116322 -0.7877 -0.3184 9.7037
 11116392 -0.7733 -0.3184 9.7348
 11116462 -0.7733 -0.316 9.691700000000001
 11116532 -0.8045 -0.3089 9.6845
 11116602 -0.7925 -0.2969 9.691700000000001
 11116672 -0.7901 -0.2753 9.672599999999999
 11116742 -0.8092 -0.2682 9.6798
 11116812 -0.7949000000000001 -0.2777 9.6869
 11116882 -0.7925 -0.2921 9.6774
 11116953 -0.8021 -0.3065 9.708500000000001
 11117022 -0.7901 -0.3208 9.6462
 11117092 -0.8139999999999999 -0.3256 9.6462
 11117162 -0.7901 -0.3065 9.6462
 11117232 -0.7949000000000001 -0.3017 9.591200000000001
 11117302 -0.8045 -0.2969 9.6031
 11117372 -0.7997 -0.2969 9.607900000000001
 11117442 -0.7997 -0.2945 9.607900000000001
 11117512 -0.8236 -0.2921 9.636699999999999
 11117582 -0.8021 -0.2777 9.706099999999999
 11117652 -0.7997 -0.2658 9.6845
 11117722 -0.8212 -0.2753 9.6654
 11117792 -0.7877 -0.2753 9.706099999999999
 11117862 -0.7709 -0.2682 9.6965
 11117935 -0.8045 -0.2705 9.725199999999999
 11118002 -0.7901 -0.2634 9.722899999999999
 11118072 -0.7877 -0.261 9.6965
 11118142 -0.8116 -0.2682 9.720499999999999
 11118212 -0.7829 -0.261 9.710900000000001
 11118282 -0.7877 -0.2562 9.710900000000001
 11118352 -0.7901 -0.2634 9.6869
 11118422 -0.7877 -0.2586 9.6798
 11118492 -0.7877 -0.2729 9.658200000000001
 11118562 -0.7973 -0.2897 9.6965
 11118632 -0.8308 -0.3017 9.706099999999999
 11118702 -0.8571 -0.3017 9.672599999999999
 11118772 -0.8428 -0.2921 9.6869
 11118842 -0.8619 -0.2969 9.660600000000001
 11118912 -0.8475 -0.2825 9.670199999999999
 11118982 -0.8667 -0.3041 9.6989
 11119052 -0.8763 -0.2921 9.706099999999999
 11119122 -0.8715000000000001 -0.2801 9.691700000000001
 11119192 -0.8715000000000001 -0.2825 9.6989
 11119262 -0.8571 -0.261 9.663
 11119332 -0.8691 -0.2849 9.639099999999999
 11119401 -0.8787 -0.2825 9.73
 11119471 -0.8428 -0.2729 9.706099999999999
 11119542 -0.8835 -0.3065 9.761200000000001
 11119612 -0.8859 -0.3041 9.7803
 11119682 -0.8882 -0.3208 9.710900000000001
 11119751 -0.9194 -0.3376 9.739599999999999
 11119822 -0.8978 -0.3184 9.722899999999999
 11119892 -0.8859 -0.3184 9.7181
 11119962 -0.8835 -0.3136 9.6989
 11120032 -0.9026 -0.3136 9.6774
 11120102 -0.9098000000000001 -0.3256 9.6798
 11120172 -0.9266 -0.3184 9.624700000000001
 11120242 -0.9146 -0.3256 9.607900000000001
 11120312 -0.929 -0.34 9.636699999999999
 11120382 -0.9146 -0.3256 9.6175
 11120452 -0.9074 -0.3472 9.6534
 11120522 -0.9266 -0.3352 9.6127
 11120592 -0.9242 -0.3376 9.624700000000001
 11120662 -0.8978 -0.3304 9.6319
 11120732 -0.8835 -0.3184 9.622299999999999
 11120802 -0.8739 -0.3304 9.6965
 11120872 -0.8356 -0.3136 9.6534
 11120942 -0.8547 -0.3304 9.6822
 11121012 -0.8643 -0.3256 9.725199999999999
 11121082 -0.8859 -0.316 9.643800000000001
 11121152 -0.8835 -0.3136 9.658200000000001
 11121222 -0.8763 -0.3136 9.610300000000001
 11121292 -0.8715000000000001 -0.3232 9.5433
 11121362 -0.8595 -0.3448 9.6486
 11121432 -0.8643 -0.34 9.641500000000001
 11121502 -0.8475 -0.3448 9.639099999999999
 11121573 -0.8428 -0.3328 9.6989
 11121642 -0.8356 -0.3089 9.691700000000001
 11121712 -0.8547 -0.3136 9.725199999999999
 11121782 -0.8667 -0.3184 9.6534
 11121852 -0.8739 -0.3304 9.6822
 11121922 -0.8667 -0.3376 9.658200000000001
 11121992 -0.8547 -0.3304 9.6151
 11122062 -0.8691 -0.3112 9.7157
 11122132 -0.8835 -0.2921 9.6534
 11122202 -0.8595 -0.2897 9.6654
 11122272 -0.8475 -0.2873 9.655799999999999
 11122342 -0.8308 -0.2825 9.6798
 11122412 -0.8045 -0.2777 9.6271
 11122482 -0.826 -0.2777 9.641500000000001
 11122552 -0.826 -0.2634 9.6654
 11122622 -0.8308 -0.2729 9.5984
 11122692 -0.8499 -0.2849 9.605499999999999
 11122762 -0.8739 -0.2705 9.6343
 11122832 -0.8835 -0.2753 9.636699999999999
 11122902 -0.8691 -0.2753 9.675000000000001
 11122972 -0.8667 -0.2945 9.7468
 11123042 -0.8428 -0.2825 9.7181
 11123112 -0.8499 -0.2897 9.689299999999999
 11123182 -0.8763 -0.2682 9.6534
 11123252 -0.8356 -0.2346 9.6486
 11123322 -0.8188 -0.2466 9.619899999999999
 11123392 -0.8116 -0.2394 9.725199999999999
 11123463 -0.7829 -0.2466 9.7683
 11123532 -0.7901 -0.249 9.7827
 11123602 -0.7685 -0.2514 9.777900000000001
 11123672 -0.7518 -0.2562 9.6965
 11123742 -0.735 -0.2586 9.7133
 11123812 -0.723 -0.2682 9.710900000000001
 11123882 -0.747 -0.261 9.6774
 11123952 -0.7685 -0.2538 9.6774
 11124022 -0.7781 -0.2538 9.660600000000001
 11124092 -0.7901 -0.237 9.6534
 11124162 -0.7973 -0.2274 9.708500000000001
 11124232 -0.7949000000000001 -0.2466 9.6965
 11124302 -0.8092 -0.2298 9.675000000000001
 11124372 -0.8356 -0.2394 9.6798
 11124442 -0.8308 -0.2442 9.670199999999999
 11124512 -0.8139999999999999 -0.2155 9.6654
 11124582 -0.8116 -0.2322 9.6774
 11124651 -0.8068 -0.2442 9.655799999999999
 11124722 -0.8068 -0.2418 9.624700000000001
 11124792 -0.7973 -0.2562 9.691700000000001
 11124862 -0.7925 -0.249 9.7013
 11124932 -0.8116 -0.249 9.7348
 11125002 -0.8092 -0.2777 9.7707
 11125072 -0.8188 -0.2849 9.73
 11125142 -0.8356 -0.3041 9.6989
 11125212 -0.8212 -0.2945 9.708500000000001
 11125282 -0.8212 -0.316 9.6822
 11125353 -0.8691 -0.3208 9.672599999999999
 11125422 -0.8667 -0.3376 9.6869
 11125492 -0.8811 -0.3543 9.655799999999999
 11125562 -0.8978 -0.3376 9.672599999999999
 11125632 -0.8859 -0.3543 9.655799999999999
 11125702 -0.8954 -0.3543 9.6989
 11125772 -0.8667 -0.34 9.710900000000001
 11125842 -0.9026 -0.3424 9.7372
 11125912 -0.8882 -0.3328 9.73
 11125982 -0.8811 -0.3352 9.708500000000001
 11126052 -0.8905999999999999 -0.3472 9.708500000000001
 11126122 -0.8667 -0.34 9.708500000000001
 11126192 -0.8595 -0.3567 9.722899999999999
 11126262 -0.8452 -0.3472 9.691700000000001
 11126332 -0.8522999999999999 -0.3567 9.6869
 11126402 -0.8404 -0.3591 9.672599999999999
 11126472 -0.8332000000000001 -0.3424 9.7157
 11126542 -0.8308 -0.3591 9.744400000000001
 11126612 -0.8212 -0.3663 9.6678
 11126682 -0.8428 -0.3735 9.660600000000001
 11126752 -0.8212 -0.3807 9.636699999999999
 11126822 -0.8332000000000001 -0.3639 9.6151
 11126892 -0.8428 -0.3783 9.660600000000001
 11126962 -0.8499 -0.3855 9.6845
 11127032 -0.8691 -0.3855 9.6534
 11127102 -0.8571 -0.3831 9.6319
 11127172 -0.8571 -0.3567 9.660600000000001
 11127242 -0.826 -0.3424 9.6486
 11127312 -0.8404 -0.3448 9.670199999999999
 11127382 -0.8475 -0.3376 9.675000000000001
 11127452 -0.838 -0.3208 9.6965
 11127522 -0.8452 -0.3208 9.694100000000001
 11127592 -0.8452 -0.3136 9.6869
 11127662 -0.8475 -0.316 9.710900000000001
 11127732 -0.8835 -0.3232 9.720499999999999
 11127802 -0.8715000000000001 -0.2993 9.744400000000001
 11127872 -0.8404 -0.2921 9.7324
 11127942 -0.8356 -0.2753 9.708500000000001
 11128012 -0.7925 -0.2634 9.6989
 11128082 -0.7901 -0.2586 9.689299999999999
 11128152 -0.7925 -0.2729 9.6654
 11128222 -0.8021 -0.2825 9.6965
 11128292 -0.8045 -0.2825 9.6798
 11128362 -0.7877 -0.2873 9.651
 11128432 -0.7925 -0.2538 9.691700000000001
 11128502 -0.7733 -0.2514 9.663
 11128572 -0.735 -0.2418 9.6486
 11128642 -0.7135 -0.237 9.643800000000001
 11128712 -0.7183 -0.237 9.6534
 11128782 -0.7063 -0.2322 9.675000000000001
 11128852 -0.7087 -0.2418 9.710900000000001
 11128922 -0.7254 -0.2442 9.744400000000001
 11128992 -0.7063 -0.249 9.73
 11129062 -0.6943 -0.2466 9.7181
 11129132 -0.6967 -0.2322 9.7324
 11129202 -0.6704 -0.2322 9.739599999999999
 11129272 -0.6488 -0.2274 9.742000000000001
 11129342 -0.644 -0.2274 9.7659
 11129412 -0.6393 -0.2203 9.7492
 11129482 -0.6369 -0.2203 9.710900000000001
 11129552 -0.6321 -0.2394 9.6654
 11129622 -0.6584 -0.2538 9.670199999999999
 11129692 -0.6464 -0.2729 9.658200000000001
 11129762 -0.6608000000000001 -0.2849 9.6534
 11129832 -0.6895 -0.2825 9.660600000000001
 11129902 -0.6776 -0.2921 9.651
 11129972 -0.6776 -0.2921 9.6175
 11130042 -0.6656 -0.2993 9.622299999999999
 11130112 -0.6393 -0.2945 9.6486
 11130182 -0.6321 -0.2849 9.636699999999999
 11130252 -0.644 -0.2969 9.6822
 11130322 -0.644 -0.2873 9.6798
 11130392 -0.6656 -0.3041 9.6031
 11130462 -0.6871 -0.2993 9.6151
 11130532 -0.6991000000000001 -0.2873 9.6007
 11130602 -0.7207 -0.2849 9.6271
 11130672 -0.7302 -0.2562 9.722899999999999
 11130742 -0.7374000000000001 -0.2586 9.7181
 11130812 -0.7542 -0.2562 9.7013
 11130882 -0.759 -0.2801 9.6869
 11130952 -0.7829 -0.3112 9.6678
 11131022 -0.7949000000000001 -0.3208 9.6774
 11131092 -0.8139999999999999 -0.3424 9.6869
 11131162 -0.8236 -0.3472 9.655799999999999
 11131232 -0.8236 -0.3472 9.725199999999999
 11131302 -0.7997 -0.3519 9.7372
 11131372 -0.8356 -0.3615 9.7468
 11131442 -0.838 -0.3496 9.7875
 11131512 -0.8332000000000001 -0.3424 9.7348
 11131582 -0.8428 -0.3424 9.710900000000001
 11131652 -0.8092 -0.34 9.727600000000001
 11131722 -0.8045 -0.3591 9.706099999999999
 11131792 -0.7997 -0.3687 9.691700000000001
 11131862 -0.8068 -0.3711 9.691700000000001
 11131932 -0.8021 -0.3759 9.660600000000001
 11132002 -0.8284 -0.3663 9.6798
 11132072 -0.8452 -0.3711 9.6822
 11132142 -0.8188 -0.3687 9.6678
 11132212 -0.8547 -0.3783 9.694100000000001
 11132282 -0.8284 -0.3711 9.675000000000001
 11132352 -0.8139999999999999 -0.3711 9.6774
 11132422 -0.8452 -0.3663 9.6822
 11132492 -0.8332000000000001 -0.3567 9.658200000000001
 11132562 -0.8452 -0.3639 9.6462
 11132632 -0.8475 -0.3591 9.660600000000001
 11132702 -0.8522999999999999 -0.3663 9.663
 11132772 -0.8188 -0.3663 9.6462
 11132842 -0.8452 -0.3687 9.672599999999999
 11132912 -0.8404 -0.3687 9.7181
 11132982 -0.7973 -0.3639 9.722899999999999
 11133052 -0.8571 -0.3711 9.756399999999999
 11133122 -0.8212 -0.3711 9.7516
 11133192 -0.8332000000000001 -0.3759 9.6989
 11133262 -0.8643 -0.3663 9.73
 11133332 -0.838 -0.3543 9.7348
 11133402 -0.8428 -0.3615 9.727600000000001
 11133472 -0.8356 -0.3519 9.720499999999999
 11133542 -0.8475 -0.3591 9.694100000000001
 11133612 -0.8356 -0.3543 9.6534
 11133682 -0.8522999999999999 -0.3567 9.655799999999999
 11133752 -0.8428 -0.3567 9.7348
 11133822 -0.8045 -0.3663 9.7324
 11133892 -0.826 -0.3831 9.756399999999999
 11133962 -0.8021 -0.3663 9.7516
 11134032 -0.8116 -0.3783 9.6869
 11134102 -0.838 -0.3591 9.7013
 11134172 -0.8212 -0.3376 9.708500000000001
 11134242 -0.8308 -0.3519 9.7324
 11134313 -0.838 -0.3543 9.727600000000001
 11134382 -0.8595 -0.3783 9.710900000000001
 11134452 -0.8475 -0.4046 9.691700000000001
 11134522 -0.8332000000000001 -0.407 9.694100000000001
 11134592 -0.8332000000000001 -0.4022 9.706099999999999
 11134662 -0.8428 -0.3879 9.6965
 11134732 -0.8308 -0.3735 9.710900000000001
 11134802 -0.8643 -0.3735 9.6965
 11134872 -0.8619 -0.3615 9.7013
 11134942 -0.8475 -0.3998 9.6989
 11135012 -0.8619 -0.4022 9.6989
 11135082 -0.8522999999999999 -0.395 9.6654
 11135152 -0.8619 -0.4046 9.639099999999999
 11135222 -0.8643 -0.3783 9.651
 11135292 -0.8619 -0.3735 9.6295
 11135362 -0.8547 -0.3639 9.663
 11135432 -0.8116 -0.3448 9.655799999999999
 11135502 -0.8332000000000001 -0.3543 9.670199999999999
 11135572 -0.8212 -0.3543 9.670199999999999
 11135642 -0.826 -0.3735 9.6845
 11135712 -0.8452 -0.3807 9.7133
 11135782 -0.8188 -0.3687 9.710900000000001
 11135852 -0.8139999999999999 -0.3783 9.7324
 11135922 -0.8021 -0.3663 9.7013
 11135992 -0.8212 -0.3783 9.6774
 11136062 -0.8092 -0.3759 9.694100000000001
 11136132 -0.8116 -0.3735 9.6989
 11136203 -0.8284 -0.3879 9.6654
 11136272 -0.838 -0.4214 9.672599999999999
 11136342 -0.8356 -0.4238 9.6319
 11136412 -0.8356 -0.4334 9.6175
 11136482 -0.8356 -0.4334 9.6151
 11136552 -0.8236 -0.4142 9.643800000000001
 11136622 -0.8236 -0.4166 9.641500000000001
 11136692 -0.826 -0.407 9.6127
 11136762 -0.8188 -0.3879 9.672599999999999
 11136832 -0.7973 -0.3735 9.6319
 11136902 -0.7925 -0.3735 9.6462
 11136972 -0.7997 -0.3687 9.663
 11137042 -0.8188 -0.3615 9.639099999999999
 11137112 -0.8428 -0.3615 9.655799999999999
 11137182 -0.8619 -0.3711 9.651
 11137252 -0.8739 -0.3591 9.658200000000001
 11137322 -0.8619 -0.3759 9.689299999999999
 11137392 -0.8667 -0.3615 9.710900000000001
 11137462 -0.8595 -0.3496 9.6965
 11137532 -0.8428 -0.3639 9.708500000000001
 11137602 -0.8356 -0.3591 9.7013
 11137672 -0.8475 -0.3639 9.6486
 11137742 -0.8356 -0.3615 9.689299999999999
 11137812 -0.8092 -0.3519 9.6654
 11137882 -0.8428 -0.3567 9.670199999999999
 11137952 -0.8139999999999999 -0.3519 9.6845
 11138022 -0.8188 -0.3591 9.658200000000001
 11138092 -0.8404 -0.3543 9.694100000000001
 11138162 -0.8236 -0.3448 9.694100000000001
 11138232 -0.8021 -0.3639 9.708500000000001
 11138302 -0.7997 -0.3519 9.7181
 11138372 -0.8092 -0.3639 9.7133
 11138442 -0.7997 -0.3663 9.7037
 11138512 -0.8212 -0.3711 9.710900000000001
 11138582 -0.8499 -0.3926 9.7181
 11138652 -0.8715000000000001 -0.4094 9.7037
 11138722 -0.8595 -0.3974 9.7013
 11138792 -0.8691 -0.4022 9.6774
 11138862 -0.8452 -0.3735 9.691700000000001
 11138932 -0.838 -0.3831 9.708500000000001
 11139002 -0.8308 -0.3998 9.7157
 11139072 -0.8212 -0.3879 9.7324
 11139142 -0.8284 -0.3998 9.710900000000001
 11139212 -0.826 -0.3639 9.6965
 11139282 -0.8404 -0.3615 9.651
 11139352 -0.838 -0.3519 9.6486
 11139422 -0.7973 -0.3424 9.624700000000001
 11139492 -0.8164 -0.3615 9.658200000000001
 11139562 -0.8068 -0.3472 9.694100000000001
 11139632 -0.7901 -0.3543 9.706099999999999
 11139702 -0.8116 -0.3591 9.722899999999999
 11139772 -0.7973 -0.34 9.708500000000001
 11139842 -0.7853 -0.3615 9.722899999999999
 11139912 -0.7973 -0.3543 9.7181
 11139982 -0.8236 -0.3591 9.7348
 11140052 -0.8139999999999999 -0.3735 9.7013
 11140122 -0.8188 -0.3831 9.691700000000001
 11140192 -0.8284 -0.3855 9.672599999999999
 11140262 -0.8332000000000001 -0.3687 9.655799999999999
 11140332 -0.8284 -0.3615 9.6678
 11140402 -0.8452 -0.3496 9.6798
 11140472 -0.8499 -0.3472 9.6654
 11140542 -0.8452 -0.3759 9.663
 11140612 -0.8452 -0.3759 9.6798
 11140682 -0.8332000000000001 -0.3687 9.643800000000001
 11140752 -0.838 -0.3639 9.619899999999999
 11140822 -0.8308 -0.3783 9.6031
 11140892 -0.8499 -0.407 9.6175
 11140961 -0.8499 -0.3998 9.622299999999999
 11141032 -0.8475 -0.4238 9.670199999999999
 11141102 -0.8236 -0.3831 9.689299999999999
 11141172 -0.8332000000000001 -0.3591 9.672599999999999
 11141242 -0.8212 -0.3687 9.6965
 11141311 -0.826 -0.3472 9.694100000000001
 11141382 -0.8595 -0.3615 9.691700000000001
 11141452 -0.8332000000000001 -0.3543 9.6774
 11141522 -0.8404 -0.3615 9.670199999999999
 11141592 -0.826 -0.3735 9.6774
 11141662 -0.8212 -0.3711 9.6965
 11141732 -0.8284 -0.3711 9.725199999999999
 11141802 -0.838 -0.3496 9.6462
 11141872 -0.8332000000000001 -0.3519 9.6462
 11141942 -0.8667 -0.3639 9.658200000000001
 11142012 -0.8356 -0.3591 9.622299999999999
 11142082 -0.8236 -0.3783 9.7157
 11142152 -0.8092 -0.3543 9.710900000000001
 11142222 -0.7756999999999999 -0.34 9.6965
 11142292 -0.7877 -0.3519 9.694100000000001
 11142362 -0.7949000000000001 -0.34 9.6845
 11142432 -0.8188 -0.3519 9.689299999999999
 11142502 -0.8116 -0.3543 9.663
 11142572 -0.8356 -0.3496 9.660600000000001
 11142642 -0.8236 -0.3519 9.6319
 11142712 -0.7901 -0.3496 9.6151
 11142782 -0.8236 -0.3615 9.651
 11142852 -0.7949000000000001 -0.3591 9.6486
 11142922 -0.8164 -0.3615 9.6869
 11142992 -0.8404 -0.3543 9.6845
 11143062 -0.8092 -0.3424 9.6486
 11143132 -0.7949000000000001 -0.3472 9.6654
 11143202 -0.7877 -0.34 9.6534
 11143272 -0.8045 -0.3615 9.672599999999999
 11143342 -0.8021 -0.3687 9.710900000000001
 11143412 -0.8188 -0.3735 9.73
 11143482 -0.8404 -0.3879 9.6822
 11143552 -0.8547 -0.3855 9.675000000000001
 11143622 -0.826 -0.3926 9.658200000000001
 11143692 -0.8284 -0.4094 9.6127
 11143762 -0.7877 -0.3974 9.6654
 11143832 -0.7398 -0.395 9.6822
 11143902 -0.735 -0.3759 9.689299999999999
 11143972 -0.6895 -0.3591 9.722899999999999
 11144042 -0.6728 -0.3448 9.7133
 11144112 -0.644 -0.3352 9.6965
 11144182 -0.6273 -0.3304 9.658200000000001
 11144252 -0.6297 -0.3232 9.6295
 11144322 -0.6536 -0.3448 9.651
 11144392 -0.6488 -0.3567 9.689299999999999
 11144462 -0.644 -0.3472 9.710900000000001
 11144532 -0.656 -0.3376 9.7851
 11144602 -0.6608000000000001 -0.3112 9.8306
 11144672 -0.6728 -0.2945 9.7636
 11144742 -0.6752 -0.2945 9.727600000000001
 11144812 -0.6752 -0.2969 9.675000000000001
 11144882 -0.644 -0.3136 9.6534
 11144952 -0.6536 -0.3304 9.6534
 11145022 -0.6752 -0.34 9.706099999999999
 11145096 -0.6823 -0.3304 9.6989
 11145162 -0.6776 -0.3112 9.663
 11145232 -0.6895 -0.2849 9.6845
 11145302 -0.6823 -0.2825 9.7013
 11145372 -0.6488 -0.2753 9.689299999999999
 11145442 -0.6488 -0.2682 9.7013
 11145512 -0.6345 -0.2682 9.7348
 11145582 -0.6273 -0.2658 9.689299999999999
 11145652 -0.668 -0.2538 9.6989
 11145722 -0.6608000000000001 -0.2729 9.722899999999999
 11145792 -0.6584 -0.2729 9.706099999999999
 11145862 -0.68 -0.2682 9.742000000000001
 11145932 -0.6752 -0.2873 9.744400000000001
 11146002 -0.6752 -0.2897 9.73
 11146072 -0.6608000000000001 -0.2825 9.710900000000001
 11146142 -0.6081 -0.2777 9.675000000000001
 11146212 -0.5649999999999999 -0.2682 9.6965
 11146282 -0.5649999999999999 -0.2562 9.651
 11146352 -0.5674 -0.2538 9.663
 11146422 -0.5794 -0.2538 9.675000000000001
 11146492 -0.5578 -0.2729 9.6534
 11146562 -0.5363 -0.2682 9.622299999999999
 11146632 -0.5243 -0.2969 9.605499999999999
 11146702 -0.5124 -0.3017 9.6486
 11146772 -0.5171 -0.2969 9.672599999999999
 11146842 -0.5124 -0.316 9.73
 11146912 -0.5171 -0.2993 9.758800000000001
 11146982 -0.5363 -0.3136 9.727600000000001
 11147052 -0.5555 -0.2993 9.725199999999999
 11147122 -0.5698 -0.2873 9.6798
 11147192 -0.6081 -0.3089 9.672599999999999
 11147262 -0.6177 -0.2921 9.7516
 11147332 -0.6728 -0.2945 9.7157
 11147402 -0.7302 -0.3017 9.758800000000001
 11147472 -0.7111 -0.2945 9.754
 11147542 -0.7422 -0.2993 9.596
 11147612 -0.7326 -0.3208 9.607900000000001
 11147682 -0.747 -0.328 9.6319
 11147752 -0.7638 -0.3424 9.6175
 11147822 -0.7756999999999999 -0.3639 9.6798
 11147892 -0.7805 -0.3639 9.6989
 11147962 -0.7709 -0.3687 9.643800000000001
 11148032 -0.7877 -0.3615 9.660600000000001
 11148102 -0.7877 -0.3711 9.658200000000001
 11148172 -0.8021 -0.3807 9.7181
 11148242 -0.7805 -0.3735 9.7516
 11148312 -0.8212 -0.3663 9.7636
 11148382 -0.7997 -0.3519 9.775499999999999
 11148458 -0.7925 -0.3519 9.710900000000001
 11148522 -0.8068 -0.3472 9.7013
 11148592 -0.7709 -0.3376 9.6869
 11148662 -0.7709 -0.3543 9.6822
 11148732 -0.7614 -0.3519 9.663
 11148802 -0.7709 -0.3759 9.670199999999999
 11148872 -0.7685 -0.3735 9.6798
 11148943 -0.7709 -0.3567 9.6798
 11149012 -0.7685 -0.3639 9.7037
 11149082 -0.7805 -0.3735 9.722899999999999
 11149152 -0.8116 -0.3903 9.6822
 11149222 -0.8164 -0.4046 9.6989
 11149292 -0.8308 -0.3974 9.689299999999999
 11149362 -0.8164 -0.3687 9.5984
 11149432 -0.7756999999999999 -0.3663 9.641500000000001
 11149502 -0.7781 -0.3519 9.655799999999999
 11149572 -0.7518 -0.3567 9.643800000000001
 11149642 -0.735 -0.3591 9.708500000000001
 11149712 -0.7183 -0.3591 9.7037
 11149782 -0.6967 -0.3663 9.6774
 11149852 -0.7039 -0.3496 9.689299999999999
 11149922 -0.6847 -0.3567 9.720499999999999
 11149992 -0.6967 -0.3448 9.7133
 11150062 -0.7015 -0.3328 9.708500000000001
 11150132 -0.723 -0.3448 9.708500000000001
 11150202 -0.7518 -0.3352 9.6869
 11150272 -0.7756999999999999 -0.3424 9.706099999999999
 11150342 -0.7805 -0.3304 9.7324
 11150412 -0.7566000000000001 -0.3232 9.710900000000001
 11150482 -0.7326 -0.328 9.6965
 11150552 -0.7087 -0.3208 9.689299999999999
 11150622 -0.7159 -0.3328 9.655799999999999
 11150692 -0.7135 -0.3328 9.660600000000001
 11150762 -0.735 -0.3208 9.6869
 11150832 -0.7278 -0.3232 9.6869
 11150902 -0.6991000000000001 -0.3041 9.7037
 11150972 -0.6919 -0.3041 9.7516
 11151042 -0.6943 -0.2921 9.73
 11151112 -0.7087 -0.2801 9.689299999999999
 11151182 -0.68 -0.2634 9.6654
 11151251 -0.6823 -0.2322 9.6462
 11151322 -0.6704 -0.2251 9.6127
 11151392 -0.6393 -0.2179 9.675000000000001
 11151462 -0.6823 -0.237 9.720499999999999
 11151532 -0.6704 -0.2418 9.7013
 11151602 -0.6488 -0.2394 9.727600000000001
 11151672 -0.6632 -0.2394 9.7013
 11151742 -0.6536 -0.2394 9.6845
 11151812 -0.6369 -0.2418 9.6869
 11151882 -0.6345 -0.2346 9.6965
 11151952 -0.6345 -0.2274 9.6965
 11152022 -0.6393 -0.2155 9.7037
 11152092 -0.6632 -0.2107 9.710900000000001
 11152162 -0.668 -0.2346 9.7181
 11152232 -0.6129 -0.2394 9.6822
 11152302 -0.6081 -0.2562 9.636699999999999
 11152372 -0.6177 -0.2586 9.658200000000001
 11152442 -0.6177 -0.2586 9.689299999999999
 11152512 -0.6464 -0.261 9.7037
 11152582 -0.6415999999999999 -0.2562 9.7157
 11152652 -0.6249 -0.2658 9.689299999999999
 11152722 -0.6345 -0.2658 9.610300000000001
 11152792 -0.6345 -0.2682 9.636699999999999
 11152862 -0.6081 -0.2849 9.655799999999999
 11152932 -0.6345 -0.2969 9.6869
 11153002 -0.6057 -0.2801 9.710900000000001
 11153072 -0.6032999999999999 -0.3256 9.725199999999999
 11153142 -0.6153 -0.3136 9.739599999999999
 11153212 -0.6009 -0.3232 9.7372
 11153282 -0.5962 -0.3472 9.7516
 11153352 -0.5938 -0.3184 9.710900000000001
 11153422 -0.6081 -0.3424 9.710900000000001
 11153492 -0.5986 -0.3352 9.7013
 11153562 -0.6153 -0.3376 9.706099999999999
 11153632 -0.6345 -0.34 9.720499999999999
 11153702 -0.6536 -0.3328 9.706099999999999
 11153772 -0.668 -0.3376 9.7468
 11153842 -0.6704 -0.3208 9.756399999999999
 11153912 -0.7063 -0.3136 9.7636
 11153982 -0.6967 -0.3065 9.754
 11154052 -0.6919 -0.2969 9.7037
 11154122 -0.7063 -0.3017 9.6654
 11154192 -0.6991000000000001 -0.2921 9.670199999999999
 11154262 -0.7159 -0.2849 9.660600000000001
 11154332 -0.7326 -0.2849 9.643800000000001
 11154402 -0.7398 -0.2969 9.6678
 11154472 -0.7398 -0.328 9.6486
 11154542 -0.7302 -0.3352 9.675000000000001
 11154612 -0.7398 -0.3328 9.708500000000001
 11154682 -0.7542 -0.3328 9.706099999999999
 11154752 -0.7733 -0.3184 9.6151
 11154822 -0.7925 -0.3328 9.6007
 11154892 -0.7756999999999999 -0.3376 9.5768
 11154962 -0.7709 -0.34 9.5792
 11155032 -0.7518 -0.3304 9.706099999999999
 11155102 -0.7494 -0.3304 9.708500000000001
 11155172 -0.7542 -0.3376 9.7157
 11155242 -0.747 -0.3304 9.7133
 11155312 -0.747 -0.3448 9.6965
 11155382 -0.7446 -0.3352 9.7013
 11155452 -0.7374000000000001 -0.3328 9.7037
 11155522 -0.723 -0.3472 9.754
 11155592 -0.6919 -0.3328 9.7157
 11155665 -0.6752 -0.3496 9.639099999999999
 11155732 -0.6704 -0.3783 9.6462
 11155802 -0.6488 -0.3711 9.610300000000001
 11155872 -0.6488 -0.3855 9.6127
 11155942 -0.6249 -0.3759 9.6798
 11156012 -0.6225000000000001 -0.3567 9.6798
 11156082 -0.6297 -0.3615 9.672599999999999
 11156152 -0.6057 -0.3519 9.675000000000001
 11156222 -0.6081 -0.34 9.675000000000001
 11156292 -0.5818 -0.3496 9.651
 11156362 -0.5938 -0.3472 9.6295
 11156432 -0.6009 -0.3519 9.6319
 11156501 -0.5962 -0.3663 9.6127
 11156572 -0.6345 -0.3496 9.6319
 11156642 -0.6105 -0.3567 9.658200000000001
 11156712 -0.6225000000000001 -0.3496 9.6845
 11156782 -0.6273 -0.3304 9.7133
 11156854 -0.6225000000000001 -0.3184 9.720499999999999
 11156922 -0.6415999999999999 -0.3041 9.694100000000001
 11156992 -0.6345 -0.3089 9.6822
 11157062 -0.6369 -0.3136 9.651
 11157132 -0.6321 -0.3112 9.655799999999999
 11157202 -0.6105 -0.3041 9.689299999999999
 11157272 -0.589 -0.3112 9.7013
 11157342 -0.6057 -0.316 9.739599999999999
 11157412 -0.5818 -0.3232 9.7133
 11157482 -0.5818 -0.3256 9.694100000000001
 11157552 -0.6009 -0.316 9.691700000000001
 11157623 -0.5962 -0.316 9.691700000000001
 11157692 -0.5842000000000001 -0.3112 9.6845
 11157762 -0.589 -0.316 9.672599999999999
 11157832 -0.6057 -0.3208 9.6798
 11157902 -0.589 -0.3136 9.639099999999999
 11157972 -0.6057 -0.3304 9.607900000000001
 11158042 -0.6249 -0.3448 9.643800000000001
 11158113 -0.6009 -0.3184 9.622299999999999
 11158182 -0.5986 -0.3112 9.660600000000001
 11158252 -0.6105 -0.2945 9.636699999999999
 11158322 -0.6105 -0.2753 9.636699999999999
 11158392 -0.6105 -0.2921 9.6151
 11158462 -0.6129 -0.2825 9.6319
 11158532 -0.6057 -0.2729 9.691700000000001
 11158602 -0.589 -0.2538 9.6845
 11158672 -0.6057 -0.2346 9.689299999999999
 11158742 -0.6129 -0.261 9.622299999999999
 11158812 -0.6225000000000001 -0.2682 9.6462
 11158882 -0.6321 -0.2801 9.643800000000001
 11158952 -0.6321 -0.2921 9.672599999999999
 11159022 -0.6488 -0.2729 9.691700000000001
 11159092 -0.6632 -0.2634 9.6822
 11159162 -0.6752 -0.2538 9.6774
 11159232 -0.6847 -0.2562 9.675000000000001
 11159302 -0.6752 -0.249 9.6822
 11159373 -0.6704 -0.2562 9.675000000000001
 11159443 -0.68 -0.2825 9.643800000000001
 11159512 -0.68 -0.2993 9.641500000000001
 11159582 -0.6943 -0.3256 9.708500000000001
 11159652 -0.7135 -0.3136 9.694100000000001
 11159722 -0.7278 -0.2969 9.744400000000001
 11159792 -0.7374000000000001 -0.2873 9.7516
 11159862 -0.735 -0.2801 9.6295
 11159932 -0.7254 -0.2849 9.6295
 11160002 -0.723 -0.2873 9.641500000000001
 11160072 -0.7135 -0.2873 9.6271
 11160142 -0.7159 -0.2825 9.694100000000001
 11160212 -0.7111 -0.2969 9.7157
 11160282 -0.7111 -0.3089 9.691700000000001
 11160354 -0.7207 -0.3089 9.7324
 11160422 -0.7135 -0.3112 9.744400000000001
 11160500 -0.7302 -0.3328 9.6989
 11160562 -0.7278 -0.3352 9.672599999999999
 11160632 -0.7302 -0.328 9.641500000000001
 11160702 -0.7494 -0.3256 9.6295
 11160772 -0.7326 -0.2849 9.6989
 11160842 -0.7398 -0.2873 9.706099999999999
 11160912 -0.7374000000000001 -0.2873 9.725199999999999
 11160982 -0.7254 -0.2873 9.7324
 11161052 -0.7254 -0.3065 9.6965
 11161122 -0.7159 -0.2993 9.706099999999999
 11161192 -0.7087 -0.3065 9.6845
 11161262 -0.7183 -0.3017 9.6654
 11161332 -0.7087 -0.2993 9.6654
 11161402 -0.6752 -0.2921 9.655799999999999
 11161472 -0.723 -0.2969 9.6798
 11161542 -0.6967 -0.2897 9.7013
 11161612 -0.6895 -0.2921 9.7013
 11161683 -0.7111 -0.2801 9.706099999999999
 11161752 -0.6943 -0.2753 9.689299999999999
 11161822 -0.6991000000000001 -0.2921 9.670199999999999
 11161892 -0.7039 -0.2777 9.663
 11161962 -0.6967 -0.2945 9.655799999999999
 11162032 -0.6704 -0.2969 9.6486
 11162102 -0.6823 -0.2969 9.675000000000001
 11162172 -0.6919 -0.3065 9.691700000000001
 11162242 -0.723 -0.3304 9.622299999999999
 11162312 -0.7254 -0.3543 9.641500000000001
 11162382 -0.7087 -0.3472 9.6319
 11162452 -0.7063 -0.3591 9.619899999999999
 11162522 -0.6991000000000001 -0.3448 9.7013
 11162593 -0.7039 -0.3328 9.6989
 11162662 -0.7183 -0.3376 9.691700000000001
 11162732 -0.7039 -0.3256 9.7013
 11162802 -0.6967 -0.316 9.689299999999999
 11162872 -0.6991000000000001 -0.2993 9.7013
 11162942 -0.7039 -0.2921 9.7181
 11163012 -0.7063 -0.2753 9.6678
 11163082 -0.7015 -0.2897 9.624700000000001
 11163152 -0.723 -0.3136 9.622299999999999
 11163222 -0.6967 -0.3136 9.596
 11163292 -0.7111 -0.3352 9.6319
 11163362 -0.7302 -0.328 9.643800000000001
 11163432 -0.7087 -0.3232 9.6295
 11163502 -0.7374000000000001 -0.3232 9.639099999999999
 11163572 -0.7111 -0.3184 9.655799999999999
 11163642 -0.6847 -0.3184 9.708500000000001
 11163712 -0.6847 -0.2993 9.7013
 11163782 -0.6776 -0.3065 9.6965
 11163852 -0.6919 -0.2969 9.7492
 11163922 -0.6823 -0.2705 9.761200000000001
 11163993 -0.7111 -0.2753 9.773099999999999
 11164062 -0.6967 -0.2729 9.7851
 11164132 -0.6967 -0.2873 9.744400000000001
 11164202 -0.7087 -0.2945 9.739599999999999
 11164272 -0.6847 -0.2873 9.73
 11164342 -0.6823 -0.2921 9.720499999999999
 11164412 -0.6943 -0.2825 9.708500000000001
 11164482 -0.7087 -0.2921 9.689299999999999
 11164552 -0.7039 -0.3017 9.720499999999999
 11164622 -0.723 -0.2897 9.6845
 11164692 -0.7087 -0.3184 9.619899999999999
 11164762 -0.7159 -0.3424 9.639099999999999
 11164832 -0.7039 -0.3256 9.607900000000001
 11164902 -0.7039 -0.3376 9.651
 11164972 -0.723 -0.3208 9.6462
 11165042 -0.7111 -0.316 9.6343
 11165112 -0.7087 -0.3328 9.6271
 11165182 -0.7015 -0.3184 9.6151
 11165252 -0.7039 -0.3112 9.6965
 11165322 -0.7111 -0.2993 9.694100000000001
 11165392 -0.7183 -0.3065 9.708500000000001
 11165462 -0.7446 -0.3232 9.725199999999999
 11165532 -0.7494 -0.3256 9.691700000000001
 11165602 -0.735 -0.3208 9.691700000000001
 11165672 -0.7398 -0.3304 9.6845
 11165741 -0.7183 -0.3112 9.7013
 11165812 -0.7159 -0.316 9.7037
 11165882 -0.7326 -0.3136 9.725199999999999
 11165952 -0.7278 -0.2945 9.708500000000001
 11166022 -0.7254 -0.3065 9.691700000000001
 11166092 -0.723 -0.3089 9.7157
 11166162 -0.7015 -0.3304 9.6678
 11166232 -0.6919 -0.3232 9.773099999999999
 11166302 -0.668 -0.3136 9.773099999999999
 11166372 -0.7015 -0.3017 9.773099999999999
 11166442 -0.6943 -0.2897 9.806699999999999
 11166512 -0.6871 -0.2897 9.722899999999999
 11166582 -0.7135 -0.2777 9.7372
 11166652 -0.6871 -0.2753 9.7372
 11166722 -0.6895 -0.2777 9.725199999999999
 11166791 -0.6943 -0.2897 9.720499999999999
 11166862 -0.7039 -0.3065 9.6989
 11166932 -0.6823 -0.3041 9.694100000000001
 11167002 -0.6823 -0.3041 9.708500000000001
 11167072 -0.7183 -0.3089 9.742000000000001
 11167142 -0.7278 -0.3136 9.7181
 11167212 -0.7135 -0.3232 9.725199999999999
 11167282 -0.7326 -0.3232 9.689299999999999
 11167352 -0.7135 -0.2993 9.7181
 11167422 -0.7207 -0.3089 9.754
 11167492 -0.7374000000000001 -0.3065 9.754
 11167562 -0.7326 -0.2969 9.7516
 11167632 -0.7326 -0.316 9.6845
 11167702 -0.7254 -0.2969 9.672599999999999
 11167772 -0.7159 -0.2969 9.6678
 11167842 -0.6967 -0.3017 9.689299999999999
 11167912 -0.723 -0.3065 9.722899999999999
 11167982 -0.7278 -0.3208 9.6965
 11168052 -0.723 -0.3232 9.689299999999999
 11168122 -0.7446 -0.3352 9.675000000000001
 11168192 -0.7207 -0.3184 9.6462
 11168262 -0.7183 -0.3136 9.651
 11168332 -0.7374000000000001 -0.3112 9.6774
 11168402 -0.7302 -0.3041 9.6822
 11168472 -0.7183 -0.316 9.6774
 11168542 -0.7087 -0.3136 9.706099999999999
 11168612 -0.7087 -0.316 9.663
 11168682 -0.7135 -0.316 9.6654
 11168752 -0.7302 -0.3089 9.742000000000001
 11168822 -0.6895 -0.2993 9.7372
 11168892 -0.723 -0.3089 9.756399999999999
 11168962 -0.7039 -0.3041 9.7492
 11169032 -0.6776 -0.2993 9.694100000000001
 11169102 -0.6847 -0.3017 9.694100000000001
 11169172 -0.6512 -0.2849 9.694100000000001
 11169246 -0.6369 -0.2801 9.710900000000001
 11169312 -0.6297 -0.2825 9.670199999999999
 11169382 -0.644 -0.2873 9.689299999999999
 11169452 -0.644 -0.2825 9.6654
 11169522 -0.6752 -0.2729 9.651
 11169592 -0.6656 -0.2729 9.651
 11169662 -0.6704 -0.2705 9.619899999999999
 11169732 -0.6752 -0.2682 9.660600000000001
 11169802 -0.6704 -0.2777 9.6486
 11169872 -0.7015 -0.2729 9.636699999999999
 11169942 -0.7087 -0.2586 9.655799999999999
 11170012 -0.6871 -0.2514 9.641500000000001
 11170082 -0.6632 -0.2538 9.663
 11170152 -0.6488 -0.2538 9.6774
 11170222 -0.6393 -0.2705 9.660600000000001
 11170292 -0.6321 -0.2538 9.6534
 11170362 -0.6488 -0.2514 9.5984
 11170432 -0.668 -0.261 9.6534
 11170502 -0.6608000000000001 -0.2658 9.6343
 11170572 -0.6632 -0.3017 9.624700000000001
 11170642 -0.6464 -0.2801 9.708500000000001
 11170712 -0.6512 -0.2705 9.689299999999999
 11170781 -0.6415999999999999 -0.261 9.6822
 11170852 -0.6369 -0.2466 9.6822
 11170922 -0.6512 -0.2729 9.6678
 11170992 -0.6153 -0.2634 9.636699999999999
 11171062 -0.589 -0.2873 9.6151
 11171132 -0.5866 -0.3136 9.6774
 11171202 -0.5243 -0.3017 9.655799999999999
 11171272 -0.51 -0.3424 9.6774
 11171342 -0.5148 -0.34 9.691700000000001
 11171412 -0.4836 -0.34 9.639099999999999
 11171482 -0.498 -0.3543 9.655799999999999
 11171552 -0.4956 -0.3424 9.6486
 11171622 -0.5004 -0.3496 9.689299999999999
 11171692 -0.5171 -0.3472 9.706099999999999
 11171762 -0.5483 -0.3424 9.6965
 11171832 -0.5626 -0.3496 9.6343
 11171902 -0.5914 -0.3567 9.6845
 11171972 -0.589 -0.3519 9.663
 11172042 -0.6009 -0.3496 9.6654
 11172112 -0.6273 -0.3519 9.73
 11172182 -0.6225000000000001 -0.3472 9.691700000000001
 11172252 -0.6488 -0.3472 9.6822
 11172322 -0.6704 -0.3543 9.6845
 11172392 -0.6752 -0.3424 9.6845
 11172462 -0.6919 -0.3232 9.672599999999999
 11172533 -0.7111 -0.316 9.6965
 11172602 -0.7207 -0.3184 9.672599999999999
 11172672 -0.7446 -0.3304 9.619899999999999
 11172742 -0.7111 -0.3639 9.6127
 11172812 -0.7278 -0.3711 9.6343
 11172882 -0.7111 -0.3807 9.639099999999999
 11172952 -0.6847 -0.3735 9.6798
 11173022 -0.7207 -0.3567 9.6654
 11173092 -0.7135 -0.3663 9.655799999999999
 11173162 -0.7159 -0.3591 9.643800000000001
 11173232 -0.7278 -0.3567 9.655799999999999
 11173302 -0.7374000000000001 -0.3519 9.6845
 11173372 -0.723 -0.3567 9.6654
 11173443 -0.7494 -0.3567 9.6989
 11173512 -0.7638 -0.3615 9.6965
 11173582 -0.7518 -0.3472 9.6774
 11173652 -0.7398 -0.3424 9.663
 11173722 -0.7542 -0.3687 9.6822
 11173792 -0.7039 -0.3639 9.651
 11173862 -0.7063 -0.3807 9.670199999999999
 11173932 -0.7063 -0.3783 9.6151
 11174002 -0.6704 -0.3543 9.605499999999999
 11174072 -0.6752 -0.3567 9.6295
 11174142 -0.644 -0.3543 9.6151
 11174212 -0.6464 -0.3639 9.6965
 11174282 -0.6297 -0.3687 9.694100000000001
 11174352 -0.6632 -0.3807 9.691700000000001
 11174423 -0.6321 -0.3831 9.710900000000001
 11174492 -0.6536 -0.3926 9.725199999999999
 11174562 -0.6752 -0.3926 9.675000000000001
 11174632 -0.644 -0.3903 9.689299999999999
 11174702 -0.6919 -0.395 9.689299999999999
 11174772 -0.6584 -0.3807 9.7037
 11174842 -0.656 -0.3783 9.742000000000001
 11174912 -0.6488 -0.3663 9.7851
 11174982 -0.6225000000000001 -0.3615 9.7492
 11175052 -0.6081 -0.3519 9.691700000000001
 11175122 -0.5866 -0.3519 9.691700000000001
 11175192 -0.6032999999999999 -0.3496 9.643800000000001
 11175262 -0.6057 -0.3424 9.6127
 11175332 -0.5986 -0.3687 9.5792
 11175402 -0.6153 -0.3711 9.6007
 11175472 -0.5938 -0.3855 9.605499999999999
 11175542 -0.6153 -0.3783 9.658200000000001
 11175612 -0.6297 -0.3472 9.720499999999999
 11175682 -0.644 -0.3376 9.7133
 11175752 -0.6488 -0.316 9.689299999999999
 11175822 -0.6201 -0.3041 9.672599999999999
 11175892 -0.6369 -0.2921 9.6534
 11175962 -0.6369 -0.2729 9.6462
 11176032 -0.6704 -0.261 9.706099999999999
 11176102 -0.6823 -0.2634 9.7157
 11176172 -0.7063 -0.2801 9.725199999999999
 11176242 -0.6919 -0.2969 9.725199999999999
 11176312 -0.6776 -0.2993 9.6654
 11176382 -0.7087 -0.2801 9.6654
 11176452 -0.6991000000000001 -0.2538 9.658200000000001
 11176522 -0.6823 -0.237 9.6462
 11176592 -0.668 -0.2251 9.641500000000001
 11176662 -0.6488 -0.237 9.651
 11176732 -0.6345 -0.2466 9.6869
 11176802 -0.6249 -0.2586 9.660600000000001
 11176872 -0.6656 -0.2897 9.706099999999999
 11176942 -0.668 -0.3089 9.7037
 11177012 -0.6415999999999999 -0.3184 9.6869
 11177082 -0.6656 -0.3112 9.6989
 11177152 -0.6512 -0.2897 9.6822
 11177223 -0.6415999999999999 -0.2753 9.655799999999999
 11177292 -0.6369 -0.2682 9.6151
 11177362 -0.6488 -0.2634 9.6486
 11177432 -0.6081 -0.2682 9.663
 11177502 -0.6081 -0.2873 9.639099999999999
 11177572 -0.656 -0.3089 9.710900000000001
 11177642 -0.6249 -0.3112 9.6965
 11177712 -0.6129 -0.3041 9.670199999999999
 11177782 -0.6369 -0.2825 9.6271
 11177852 -0.6249 -0.2729 9.588800000000001
 11177922 -0.6393 -0.2705 9.5481
 11177992 -0.6512 -0.2729 9.5672
 11178062 -0.6415999999999999 -0.2753 9.658200000000001
 11178132 -0.644 -0.2705 9.655799999999999
 11178202 -0.6464 -0.316 9.7013
 11178272 -0.6728 -0.3136 9.6462
 11178342 -0.6393 -0.3089 9.636699999999999
 11178412 -0.6488 -0.3136 9.658200000000001
 11178482 -0.6345 -0.2729 9.6462
 11178552 -0.6273 -0.2729 9.710900000000001
 11178622 -0.6512 -0.2753 9.6845
 11178692 -0.656 -0.2682 9.663
 11178762 -0.6488 -0.2562 9.670199999999999
 11178832 -0.644 -0.2562 9.6295
 11178902 -0.6488 -0.2586 9.6869
 11178972 -0.6393 -0.2658 9.6845
 11179042 -0.6488 -0.2897 9.706099999999999
 11179112 -0.6584 -0.2945 9.739599999999999
 11179182 -0.6464 -0.2993 9.7157
 11179252 -0.6464 -0.2993 9.607900000000001
 11179322 -0.6728 -0.3017 9.6007
 11179392 -0.6752 -0.3136 9.586399999999999
 11179462 -0.6919 -0.3256 9.5984
 11179532 -0.6919 -0.3232 9.7013
 11179602 -0.6895 -0.316 9.689299999999999
 11179672 -0.7063 -0.3112 9.6822
 11179742 -0.7135 -0.3089 9.670199999999999
 11179812 -0.7063 -0.3184 9.6774
 11179882 -0.7039 -0.3208 9.6822
 11179952 -0.7207 -0.3352 9.6845
 11180022 -0.7111 -0.3448 9.7157
 11180092 -0.723 -0.3472 9.694100000000001
 11180162 -0.7207 -0.3711 9.6151
 11180232 -0.7135 -0.3855 9.6295
 11180302 -0.723 -0.3663 9.605499999999999
 11180372 -0.7302 -0.3615 9.5768
 11180442 -0.735 -0.3424 9.6798
 11180512 -0.7278 -0.3232 9.663
 11180582 -0.723 -0.3376 9.706099999999999
 11180652 -0.7039 -0.3496 9.7803
 11180722 -0.6728 -0.3567 9.756399999999999
 11180792 -0.6584 -0.3615 9.7659
 11180862 -0.656 -0.3591 9.739599999999999
 11180932 -0.6847 -0.3543 9.6989
 11181002 -0.6871 -0.3591 9.7133
 11181072 -0.6512 -0.3424 9.725199999999999
 11181142 -0.6895 -0.3519 9.7157
 11181212 -0.6584 -0.328 9.7157
 11181282 -0.6752 -0.3136 9.7013
 11181352 -0.7087 -0.3136 9.6965
 11181422 -0.6967 -0.3065 9.670199999999999
 11181492 -0.7063 -0.3352 9.6798
 11181562 -0.6895 -0.3208 9.6869
 11181632 -0.7039 -0.3496 9.672599999999999
 11181702 -0.6871 -0.3424 9.7013
 11181772 -0.6919 -0.3328 9.708500000000001
 11181842 -0.6991000000000001 -0.3424 9.6319
 11181912 -0.668 -0.3208 9.643800000000001
 11181983 -0.7015 -0.3448 9.6654
 11182052 -0.6632 -0.316 9.6486
 11182122 -0.68 -0.3448 9.689299999999999
 11182192 -0.6656 -0.3376 9.5984
 11182262 -0.6345 -0.2945 9.5936
 11182332 -0.6752 -0.3017 9.6031
 11182402 -0.6728 -0.2945 9.643800000000001
 11182472 -0.7326 -0.316 9.7157
 11182542 -0.7566000000000001 -0.3519 9.663
 11182612 -0.8164 -0.2945 9.6869
 11182682 -0.4693 -0.3017 9.655799999999999
 11182752 -0.6369 -0.5076000000000001 9.643800000000001
 11182822 -0.668 -0.5626 9.660600000000001
 11182892 -0.5698 -0.6512 9.6534
 11182962 -0.9218 -0.6608000000000001 9.663
 11183032 -0.7853 -0.4166 9.675000000000001
 11183102 -0.7566000000000001 -0.2897 9.6798
 11183172 -0.7614 -0.249 9.6965
 11183242 -0.8667 -0.1939 9.706099999999999
 11183312 -0.8522999999999999 -0.17 9.6534
 11183382 -0.8835 -0.1628 9.6486
 11183452 -0.917 -0.1077 9.610300000000001
 11183522 -0.9146 -0.0934 9.6127
 11183592 -0.9553 -0.0838 9.6869
 11183662 -1.0654 -0.0958 9.840199999999999
 11183732 -1.0774 -0.2682 9.9503
 11183802 -1.0582 -0.1963 10.0772
 11183871 -0.8404 0.0575 9.9862
 11183942 -1.0104 0.0646 9.873699999999999
 11184012 -1.2258 0.0838 9.8162
 11184082 -0.3855 0.0694 9.7037
 11184152 -0.0503 -0.0527 9.9
 11184222 1.5634 0.0694 9.426
 11184292 3.8666 0.3424 9.1866
 11184362 5.023 0.5483 9.318199999999999
 11184432 6.4883 1.3336 7.6327
 11184502 7.2544 1.9441 6.2201
 11184572 7.5202 2.7797 4.2114
 11184642 7.6782 3.7661 1.221
 11184712 7.525 4.1013 -0.2059
 11184782 6.9192 4.6878 -1.9273
 11184852 5.9496 5.2337 -3.4429
 11184922 5.2433 5.5067 -4.2545
 11184992 4.7764 5.7341 -5.3774
 11185062 4.6902 5.8442 -5.6479
 11185132 4.549 5.9041 -6.6822
 11185202 4.6064 5.8251 -7.0701
 11185272 4.4963 5.8419 -7.173
 11185342 4.4341 5.8442 -7.4508
 11185412 4.4676 5.7676 -6.9288
 11185482 4.2377 5.8538 -7.0318
 11185552 4.1324 5.794 -6.9695


# name: time
# type: matrix
# rows: 1039
# columns: 1
 11110512
 11110582
 11110652
 11110722
 11110792
 11110862
 11110933
 11111002
 11111072
 11111142
 11111212
 11111282
 11111352
 11111422
 11111492
 11111562
 11111632
 11111702
 11111772
 11111842
 11111912
 11111982
 11112052
 11112122
 11112192
 11112262
 11112332
 11112402
 11112472
 11112542
 11112612
 11112682
 11112753
 11112822
 11112892
 11112962
 11113032
 11113102
 11113172
 11113242
 11113312
 11113382
 11113452
 11113522
 11113592
 11113662
 11113733
 11113802
 11113872
 11113942
 11114012
 11114082
 11114152
 11114222
 11114292
 11114362
 11114432
 11114502
 11114572
 11114642
 11114712
 11114782
 11114852
 11114922
 11114992
 11115062
 11115132
 11115202
 11115272
 11115342
 11115412
 11115482
 11115552
 11115622
 11115692
 11115762
 11115832
 11115902
 11115972
 11116042
 11116112
 11116182
 11116252
 11116322
 11116392
 11116462
 11116532
 11116602
 11116672
 11116742
 11116812
 11116882
 11116953
 11117022
 11117092
 11117162
 11117232
 11117302
 11117372
 11117442
 11117512
 11117582
 11117652
 11117722
 11117792
 11117862
 11117935
 11118002
 11118072
 11118142
 11118212
 11118282
 11118352
 11118422
 11118492
 11118562
 11118632
 11118702
 11118772
 11118842
 11118912
 11118982
 11119052
 11119122
 11119192
 11119262
 11119332
 11119401
 11119471
 11119542
 11119612
 11119682
 11119751
 11119822
 11119892
 11119962
 11120032
 11120102
 11120172
 11120242
 11120312
 11120382
 11120452
 11120522
 11120592
 11120662
 11120732
 11120802
 11120872
 11120942
 11121012
 11121082
 11121152
 11121222
 11121292
 11121362
 11121432
 11121502
 11121573
 11121642
 11121712
 11121782
 11121852
 11121922
 11121992
 11122062
 11122132
 11122202
 11122272
 11122342
 11122412
 11122482
 11122552
 11122622
 11122692
 11122762
 11122832
 11122902
 11122972
 11123042
 11123112
 11123182
 11123252
 11123322
 11123392
 11123463
 11123532
 11123602
 11123672
 11123742
 11123812
 11123882
 11123952
 11124022
 11124092
 11124162
 11124232
 11124302
 11124372
 11124442
 11124512
 11124582
 11124651
 11124722
 11124792
 11124862
 11124932
 11125002
 11125072
 11125142
 11125212
 11125282
 11125353
 11125422
 11125492
 11125562
 11125632
 11125702
 11125772
 11125842
 11125912
 11125982
 11126052
 11126122
 11126192
 11126262
 11126332
 11126402
 11126472
 11126542
 11126612
 11126682
 11126752
 11126822
 11126892
 11126962
 11127032
 11127102
 11127172
 11127242
 11127312
 11127382
 11127452
 11127522
 11127592
 11127662
 11127732
 11127802
 11127872
 11127942
 11128012
 11128082
 11128152
 11128222
 11128292
 11128362
 11128432
 11128502
 11128572
 11128642
 11128712
 11128782
 11128852
 11128922
 11128992
 11129062
 11129132
 11129202
 11129272
 11129342
 11129412
 11129482
 11129552
 11129622
 11129692
 11129762
 11129832
 11129902
 11129972
 11130042
 11130112
 11130182
 11130252
 11130322
 11130392
 11130462
 11130532
 11130602
 11130672
 11130742
 11130812
 11130882
 11130952
 11131022
 11131092
 11131162
 11131232
 11131302
 11131372
 11131442
 11131512
 11131582
 11131652
 11131722
 11131792
 11131862
 11131932
 11132002
 11132072
 11132142
 11132212
 11132282
 11132352
 11132422
 11132492
 11132562
 11132632
 11132702
 11132772
 11132842
 11132912
 11132982
 11133052
 11133122
 11133192
 11133262
 11133332
 11133402
 11133472
 11133542
 11133612
 11133682
 11133752
 11133822
 11133892
 11133962
 11134032
 11134102
 11134172
 11134242
 11134313
 11134382
 11134452
 11134522
 11134592
 11134662
 11134732
 11134802
 11134872
 11134942
 11135012
 11135082
 11135152
 11135222
 11135292
 11135362
 11135432
 11135502
 11135572
 11135642
 11135712
 11135782
 11135852
 11135922
 11135992
 11136062
 11136132
 11136203
 11136272
 11136342
 11136412
 11136482
 11136552
 11136622
 11136692
 11136762
 11136832
 11136902
 11136972
 11137042
 11137112
 11137182
 11137252
 11137322
 11137392
 11137462
 11137532
 11137602
 11137672
 11137742
 11137812
 11137882
 11137952
 11138022
 11138092
 11138162
 11138232
 11138302
 11138372
 11138442
 11138512
 11138582
 11138652
 11138722
 11138792
 11138862
 11138932
 11139002
 11139072
 11139142
 11139212
 11139282
 11139352
 11139422
 11139492
 11139562
 11139632
 11139702
 11139772
 11139842
 11139912
 11139982
 11140052
 11140122
 11140192
 11140262
 11140332
 11140402
 11140472
 11140542
 11140612
 11140682
 11140752
 11140822
 11140892
 11140961
 11141032
 11141102
 11141172
 11141242
 11141311
 11141382
 11141452
 11141522
 11141592
 11141662
 11141732
 11141802
 11141872
 11141942
 11142012
 11142082
 11142152
 11142222
 11142292
 11142362
 11142432
 11142502
 11142572
 11142642
 11142712
 11142782
 11142852
 11142922
 11142992
 11143062
 11143132
 11143202
 11143272
 11143342
 11143412
 11143482
 11143552
 11143622
 11143692
 11143762
 11143832
 11143902
 11143972
 11144042
 11144112
 11144182
 11144252
 11144322
 11144392
 11144462
 11144532
 11144602
 11144672
 11144742
 11144812
 11144882
 11144952
 11145022
 11145096
 11145162
 11145232
 11145302
 11145372
 11145442
 11145512
 11145582
 11145652
 11145722
 11145792
 11145862
 11145932
 11146002
 11146072
 11146142
 11146212
 11146282
 11146352
 11146422
 11146492
 11146562
 11146632
 11146702
 11146772
 11146842
 11146912
 11146982
 11147052
 11147122
 11147192
 11147262
 11147332
 11147402
 11147472
 11147542
 11147612
 11147682
 11147752
 11147822
 11147892
 11147962
 11148032
 11148102
 11148172
 11148242
 11148312
 11148382
 11148458
 11148522
 11148592
 11148662
 11148732
 11148802
 11148872
 11148943
 11149012
 11149082
 11149152
 11149222
 11149292
 11149362
 11149432
 11149502
 11149572
 11149642
 11149712
 11149782
 11149852
 11149922
 11149992
 11150062
 11150132
 11150202
 11150272
 11150342
 11150412
 11150482
 11150552
 11150622
 11150692
 11150762
 11150832
 11150902
 11150972
 11151042
 11151112
 11151182
 11151251
 11151322
 11151392
 11151462
 11151532
 11151602
 11151672
 11151742
 11151812
 11151882
 11151952
 11152022
 11152092
 11152162
 11152232
 11152302
 11152372
 11152442
 11152512
 11152582
 11152652
 11152722
 11152792
 11152862
 11152932
 11153002
 11153072
 11153142
 11153212
 11153282
 11153352
 11153422
 11153492
 11153562
 11153632
 11153702
 11153772
 11153842
 11153912
 11153982
 11154052
 11154122
 11154192
 11154262
 11154332
 11154402
 11154472
 11154542
 11154612
 11154682
 11154752
 11154822
 11154892
 11154962
 11155032
 11155102
 11155172
 11155242
 11155312
 11155382
 11155452
 11155522
 11155592
 11155665
 11155732
 11155802
 11155872
 11155942
 11156012
 11156082
 11156152
 11156222
 11156292
 11156362
 11156432
 11156501
 11156572
 11156642
 11156712
 11156782
 11156854
 11156922
 11156992
 11157062
 11157132
 11157202
 11157272
 11157342
 11157412
 11157482
 11157552
 11157623
 11157692
 11157762
 11157832
 11157902
 11157972
 11158042
 11158113
 11158182
 11158252
 11158322
 11158392
 11158462
 11158532
 11158602
 11158672
 11158742
 11158812
 11158882
 11158952
 11159022
 11159092
 11159162
 11159232
 11159302
 11159373
 11159443
 11159512
 11159582
 11159652
 11159722
 11159792
 11159862
 11159932
 11160002
 11160072
 11160142
 11160212
 11160282
 11160354
 11160422
 11160500
 11160562
 11160632
 11160702
 11160772
 11160842
 11160912
 11160982
 11161052
 11161122
 11161192
 11161262
 11161332
 11161402
 11161472
 11161542
 11161612
 11161683
 11161752
 11161822
 11161892
 11161962
 11162032
 11162102
 11162172
 11162242
 11162312
 11162382
 11162452
 11162522
 11162593
 11162662
 11162732
 11162802
 11162872
 11162942
 11163012
 11163082
 11163152
 11163222
 11163292
 11163362
 11163432
 11163502
 11163572
 11163642
 11163712
 11163782
 11163852
 11163922
 11163993
 11164062
 11164132
 11164202
 11164272
 11164342
 11164412
 11164482
 11164552
 11164622
 11164692
 11164762
 11164832
 11164902
 11164972
 11165042
 11165112
 11165182
 11165252
 11165322
 11165392
 11165462
 11165532
 11165602
 11165672
 11165741
 11165812
 11165882
 11165952
 11166022
 11166092
 11166162
 11166232
 11166302
 11166372
 11166442
 11166512
 11166582
 11166652
 11166722
 11166791
 11166862
 11166932
 11167002
 11167072
 11167142
 11167212
 11167282
 11167352
 11167422
 11167492
 11167562
 11167632
 11167702
 11167772
 11167842
 11167912
 11167982
 11168052
 11168122
 11168192
 11168262
 11168332
 11168402
 11168472
 11168542
 11168612
 11168682
 11168752
 11168822
 11168892
 11168962
 11169032
 11169102
 11169172
 11169246
 11169312
 11169382
 11169452
 11169522
 11169592
 11169662
 11169732
 11169802
 11169872
 11169942
 11170012
 11170082
 11170152
 11170222
 11170292
 11170362
 11170432
 11170502
 11170572
 11170642
 11170712
 11170781
 11170852
 11170922
 11170992
 11171062
 11171132
 11171202
 11171272
 11171342
 11171412
 11171482
 11171552
 11171622
 11171692
 11171762
 11171832
 11171902
 11171972
 11172042
 11172112
 11172182
 11172252
 11172322
 11172392
 11172462
 11172533
 11172602
 11172672
 11172742
 11172812
 11172882
 11172952
 11173022
 11173092
 11173162
 11173232
 11173302
 11173372
 11173443
 11173512
 11173582
 11173652
 11173722
 11173792
 11173862
 11173932
 11174002
 11174072
 11174142
 11174212
 11174282
 11174352
 11174423
 11174492
 11174562
 11174632
 11174702
 11174772
 11174842
 11174912
 11174982
 11175052
 11175122
 11175192
 11175262
 11175332
 11175402
 11175472
 11175542
 11175612
 11175682
 11175752
 11175822
 11175892
 11175962
 11176032
 11176102
 11176172
 11176242
 11176312
 11176382
 11176452
 11176522
 11176592
 11176662
 11176732
 11176802
 11176872
 11176942
 11177012
 11177082
 11177152
 11177223
 11177292
 11177362
 11177432
 11177502
 11177572
 11177642
 11177712
 11177782
 11177852
 11177922
 11177992
 11178062
 11178132
 11178202
 11178272
 11178342
 11178412
 11178482
 11178552
 11178622
 11178692
 11178762
 11178832
 11178902
 11178972
 11179042
 11179112
 11179182
 11179252
 11179322
 11179392
 11179462
 11179532
 11179602
 11179672
 11179742
 11179812
 11179882
 11179952
 11180022
 11180092
 11180162
 11180232
 11180302
 11180372
 11180442
 11180512
 11180582
 11180652
 11180722
 11180792
 11180862
 11180932
 11181002
 11181072
 11181142
 11181212
 11181282
 11181352
 11181422
 11181492
 11181562
 11181632
 11181702
 11181772
 11181842
 11181912
 11181983
 11182052
 11182122
 11182192
 11182262
 11182332
 11182402
 11182472
 11182542
 11182612
 11182682
 11182752
 11182822
 11182892
 11182962
 11183032
 11183102
 11183172


# name: x
# type: matrix
# rows: 1039
# columns: 1
 -0.9313
 -0.8859
 -0.8332000000000001
 -0.8332000000000001
 -0.7614
 -0.8835
 -0.9577
 -1.2258
 -1.2474
 -1.2522
 -1.3982
 -1.1923
 -1.1061
 -0.9433
 -0.7756999999999999
 -0.996
 -0.9601
 -1.0319
 -1.0008
 -0.7901
 -0.9457
 -0.9577
 -0.9816
 -1.0175
 -0.972
 -0.9601
 -1.0606
 -1.0271
 -1.0247
 -1.0127
 -0.9744
 -0.9744
 -0.984
 -1.0199
 -1.0127
 -0.9912
 -1.0391
 -1.0104
 -1.0104
 -1.0439
 -1.0295
 -1.0343
 -1.0199
 -1.0415
 -1.0199
 -1.0343
 -0.9864000000000001
 -1.0008
 -0.9697
 -0.9577
 -0.9864000000000001
 -0.9577
 -0.9744
 -0.9792
 -0.984
 -0.984
 -0.9984
 -0.996
 -0.9744
 -0.9984
 -0.972
 -0.9625
 -0.9792
 -0.9697
 -0.9864000000000001
 -0.9936
 -1.008
 -0.9936
 -0.9984
 -1.0008
 -0.9649
 -0.9912
 -0.9529
 -0.929
 -0.9194
 -0.8835
 -0.8763
 -0.8643
 -0.8715000000000001
 -0.8164
 -0.8212
 -0.7973
 -0.7661
 -0.7877
 -0.7733
 -0.7733
 -0.8045
 -0.7925
 -0.7901
 -0.8092
 -0.7949000000000001
 -0.7925
 -0.8021
 -0.7901
 -0.8139999999999999
 -0.7901
 -0.7949000000000001
 -0.8045
 -0.7997
 -0.7997
 -0.8236
 -0.8021
 -0.7997
 -0.8212
 -0.7877
 -0.7709
 -0.8045
 -0.7901
 -0.7877
 -0.8116
 -0.7829
 -0.7877
 -0.7901
 -0.7877
 -0.7877
 -0.7973
 -0.8308
 -0.8571
 -0.8428
 -0.8619
 -0.8475
 -0.8667
 -0.8763
 -0.8715000000000001
 -0.8715000000000001
 -0.8571
 -0.8691
 -0.8787
 -0.8428
 -0.8835
 -0.8859
 -0.8882
 -0.9194
 -0.8978
 -0.8859
 -0.8835
 -0.9026
 -0.9098000000000001
 -0.9266
 -0.9146
 -0.929
 -0.9146
 -0.9074
 -0.9266
 -0.9242
 -0.8978
 -0.8835
 -0.8739
 -0.8356
 -0.8547
 -0.8643
 -0.8859
 -0.8835
 -0.8763
 -0.8715000000000001
 -0.8595
 -0.8643
 -0.8475
 -0.8428
 -0.8356
 -0.8547
 -0.8667
 -0.8739
 -0.8667
 -0.8547
 -0.8691
 -0.8835
 -0.8595
 -0.8475
 -0.8308
 -0.8045
 -0.826
 -0.826
 -0.8308
 -0.8499
 -0.8739
 -0.8835
 -0.8691
 -0.8667
 -0.8428
 -0.8499
 -0.8763
 -0.8356
 -0.8188
 -0.8116
 -0.7829
 -0.7901
 -0.7685
 -0.7518
 -0.735
 -0.723
 -0.747
 -0.7685
 -0.7781
 -0.7901
 -0.7973
 -0.7949000000000001
 -0.8092
 -0.8356
 -0.8308
 -0.8139999999999999
 -0.8116
 -0.8068
 -0.8068
 -0.7973
 -0.7925
 -0.8116
 -0.8092
 -0.8188
 -0.8356
 -0.8212
 -0.8212
 -0.8691
 -0.8667
 -0.8811
 -0.8978
 -0.8859
 -0.8954
 -0.8667
 -0.9026
 -0.8882
 -0.8811
 -0.8905999999999999
 -0.8667
 -0.8595
 -0.8452
 -0.8522999999999999
 -0.8404
 -0.8332000000000001
 -0.8308
 -0.8212
 -0.8428
 -0.8212
 -0.8332000000000001
 -0.8428
 -0.8499
 -0.8691
 -0.8571
 -0.8571
 -0.826
 -0.8404
 -0.8475
 -0.838
 -0.8452
 -0.8452
 -0.8475
 -0.8835
 -0.8715000000000001
 -0.8404
 -0.8356
 -0.7925
 -0.7901
 -0.7925
 -0.8021
 -0.8045
 -0.7877
 -0.7925
 -0.7733
 -0.735
 -0.7135
 -0.7183
 -0.7063
 -0.7087
 -0.7254
 -0.7063
 -0.6943
 -0.6967
 -0.6704
 -0.6488
 -0.644
 -0.6393
 -0.6369
 -0.6321
 -0.6584
 -0.6464
 -0.6608000000000001
 -0.6895
 -0.6776
 -0.6776
 -0.6656
 -0.6393
 -0.6321
 -0.644
 -0.644
 -0.6656
 -0.6871
 -0.6991000000000001
 -0.7207
 -0.7302
 -0.7374000000000001
 -0.7542
 -0.759
 -0.7829
 -0.7949000000000001
 -0.8139999999999999
 -0.8236
 -0.8236
 -0.7997
 -0.8356
 -0.838
 -0.8332000000000001
 -0.8428
 -0.8092
 -0.8045
 -0.7997
 -0.8068
 -0.8021
 -0.8284
 -0.8452
 -0.8188
 -0.8547
 -0.8284
 -0.8139999999999999
 -0.8452
 -0.8332000000000001
 -0.8452
 -0.8475
 -0.8522999999999999
 -0.8188
 -0.8452
 -0.8404
 -0.7973
 -0.8571
 -0.8212
 -0.8332000000000001
 -0.8643
 -0.838
 -0.8428
 -0.8356
 -0.8475
 -0.8356
 -0.8522999999999999
 -0.8428
 -0.8045
 -0.826
 -0.8021
 -0.8116
 -0.838
 -0.8212
 -0.8308
 -0.838
 -0.8595
 -0.8475
 -0.8332000000000001
 -0.8332000000000001
 -0.8428
 -0.8308
 -0.8643
 -0.8619
 -0.8475
 -0.8619
 -0.8522999999999999
 -0.8619
 -0.8643
 -0.8619
 -0.8547
 -0.8116
 -0.8332000000000001
 -0.8212
 -0.826
 -0.8452
 -0.8188
 -0.8139999999999999
 -0.8021
 -0.8212
 -0.8092
 -0.8116
 -0.8284
 -0.838
 -0.8356
 -0.8356
 -0.8356
 -0.8236
 -0.8236
 -0.826
 -0.8188
 -0.7973
 -0.7925
 -0.7997
 -0.8188
 -0.8428
 -0.8619
 -0.8739
 -0.8619
 -0.8667
 -0.8595
 -0.8428
 -0.8356
 -0.8475
 -0.8356
 -0.8092
 -0.8428
 -0.8139999999999999
 -0.8188
 -0.8404
 -0.8236
 -0.8021
 -0.7997
 -0.8092
 -0.7997
 -0.8212
 -0.8499
 -0.8715000000000001
 -0.8595
 -0.8691
 -0.8452
 -0.838
 -0.8308
 -0.8212
 -0.8284
 -0.826
 -0.8404
 -0.838
 -0.7973
 -0.8164
 -0.8068
 -0.7901
 -0.8116
 -0.7973
 -0.7853
 -0.7973
 -0.8236
 -0.8139999999999999
 -0.8188
 -0.8284
 -0.8332000000000001
 -0.8284
 -0.8452
 -0.8499
 -0.8452
 -0.8452
 -0.8332000000000001
 -0.838
 -0.8308
 -0.8499
 -0.8499
 -0.8475
 -0.8236
 -0.8332000000000001
 -0.8212
 -0.826
 -0.8595
 -0.8332000000000001
 -0.8404
 -0.826
 -0.8212
 -0.8284
 -0.838
 -0.8332000000000001
 -0.8667
 -0.8356
 -0.8236
 -0.8092
 -0.7756999999999999
 -0.7877
 -0.7949000000000001
 -0.8188
 -0.8116
 -0.8356
 -0.8236
 -0.7901
 -0.8236
 -0.7949000000000001
 -0.8164
 -0.8404
 -0.8092
 -0.7949000000000001
 -0.7877
 -0.8045
 -0.8021
 -0.8188
 -0.8404
 -0.8547
 -0.826
 -0.8284
 -0.7877
 -0.7398
 -0.735
 -0.6895
 -0.6728
 -0.644
 -0.6273
 -0.6297
 -0.6536
 -0.6488
 -0.644
 -0.656
 -0.6608000000000001
 -0.6728
 -0.6752
 -0.6752
 -0.644
 -0.6536
 -0.6752
 -0.6823
 -0.6776
 -0.6895
 -0.6823
 -0.6488
 -0.6488
 -0.6345
 -0.6273
 -0.668
 -0.6608000000000001
 -0.6584
 -0.68
 -0.6752
 -0.6752
 -0.6608000000000001
 -0.6081
 -0.5649999999999999
 -0.5649999999999999
 -0.5674
 -0.5794
 -0.5578
 -0.5363
 -0.5243
 -0.5124
 -0.5171
 -0.5124
 -0.5171
 -0.5363
 -0.5555
 -0.5698
 -0.6081
 -0.6177
 -0.6728
 -0.7302
 -0.7111
 -0.7422
 -0.7326
 -0.747
 -0.7638
 -0.7756999999999999
 -0.7805
 -0.7709
 -0.7877
 -0.7877
 -0.8021
 -0.7805
 -0.8212
 -0.7997
 -0.7925
 -0.8068
 -0.7709
 -0.7709
 -0.7614
 -0.7709
 -0.7685
 -0.7709
 -0.7685
 -0.7805
 -0.8116
 -0.8164
 -0.8308
 -0.8164
 -0.7756999999999999
 -0.7781
 -0.7518
 -0.735
 -0.7183
 -0.6967
 -0.7039
 -0.6847
 -0.6967
 -0.7015
 -0.723
 -0.7518
 -0.7756999999999999
 -0.7805
 -0.7566000000000001
 -0.7326
 -0.7087
 -0.7159
 -0.7135
 -0.735
 -0.7278
 -0.6991000000000001
 -0.6919
 -0.6943
 -0.7087
 -0.68
 -0.6823
 -0.6704
 -0.6393
 -0.6823
 -0.6704
 -0.6488
 -0.6632
 -0.6536
 -0.6369
 -0.6345
 -0.6345
 -0.6393
 -0.6632
 -0.668
 -0.6129
 -0.6081
 -0.6177
 -0.6177
 -0.6464
 -0.6415999999999999
 -0.6249
 -0.6345
 -0.6345
 -0.6081
 -0.6345
 -0.6057
 -0.6032999999999999
 -0.6153
 -0.6009
 -0.5962
 -0.5938
 -0.6081
 -0.5986
 -0.6153
 -0.6345
 -0.6536
 -0.668
 -0.6704
 -0.7063
 -0.6967
 -0.6919
 -0.7063
 -0.6991000000000001
 -0.7159
 -0.7326
 -0.7398
 -0.7398
 -0.7302
 -0.7398
 -0.7542
 -0.7733
 -0.7925
 -0.7756999999999999
 -0.7709
 -0.7518
 -0.7494
 -0.7542
 -0.747
 -0.747
 -0.7446
 -0.7374000000000001
 -0.723
 -0.6919
 -0.6752
 -0.6704
 -0.6488
 -0.6488
 -0.6249
 -0.6225000000000001
 -0.6297
 -0.6057
 -0.6081
 -0.5818
 -0.5938
 -0.6009
 -0.5962
 -0.6345
 -0.6105
 -0.6225000000000001
 -0.6273
 -0.6225000000000001
 -0.6415999999999999
 -0.6345
 -0.6369
 -0.6321
 -0.6105
 -0.589
 -0.6057
 -0.5818
 -0.5818
 -0.6009
 -0.5962
 -0.5842000000000001
 -0.589
 -0.6057
 -0.589
 -0.6057
 -0.6249
 -0.6009
 -0.5986
 -0.6105
 -0.6105
 -0.6105
 -0.6129
 -0.6057
 -0.589
 -0.6057
 -0.6129
 -0.6225000000000001
 -0.6321
 -0.6321
 -0.6488
 -0.6632
 -0.6752
 -0.6847
 -0.6752
 -0.6704
 -0.68
 -0.68
 -0.6943
 -0.7135
 -0.7278
 -0.7374000000000001
 -0.735
 -0.7254
 -0.723
 -0.7135
 -0.7159
 -0.7111
 -0.7111
 -0.7207
 -0.7135
 -0.7302
 -0.7278
 -0.7302
 -0.7494
 -0.7326
 -0.7398
 -0.7374000000000001
 -0.7254
 -0.7254
 -0.7159
 -0.7087
 -0.7183
 -0.7087
 -0.6752
 -0.723
 -0.6967
 -0.6895
 -0.7111
 -0.6943
 -0.6991000000000001
 -0.7039
 -0.6967
 -0.6704
 -0.6823
 -0.6919
 -0.723
 -0.7254
 -0.7087
 -0.7063
 -0.6991000000000001
 -0.7039
 -0.7183
 -0.7039
 -0.6967
 -0.6991000000000001
 -0.7039
 -0.7063
 -0.7015
 -0.723
 -0.6967
 -0.7111
 -0.7302
 -0.7087
 -0.7374000000000001
 -0.7111
 -0.6847
 -0.6847
 -0.6776
 -0.6919
 -0.6823
 -0.7111
 -0.6967
 -0.6967
 -0.7087
 -0.6847
 -0.6823
 -0.6943
 -0.7087
 -0.7039
 -0.723
 -0.7087
 -0.7159
 -0.7039
 -0.7039
 -0.723
 -0.7111
 -0.7087
 -0.7015
 -0.7039
 -0.7111
 -0.7183
 -0.7446
 -0.7494
 -0.735
 -0.7398
 -0.7183
 -0.7159
 -0.7326
 -0.7278
 -0.7254
 -0.723
 -0.7015
 -0.6919
 -0.668
 -0.7015
 -0.6943
 -0.6871
 -0.7135
 -0.6871
 -0.6895
 -0.6943
 -0.7039
 -0.6823
 -0.6823
 -0.7183
 -0.7278
 -0.7135
 -0.7326
 -0.7135
 -0.7207
 -0.7374000000000001
 -0.7326
 -0.7326
 -0.7254
 -0.7159
 -0.6967
 -0.723
 -0.7278
 -0.723
 -0.7446
 -0.7207
 -0.7183
 -0.7374000000000001
 -0.7302
 -0.7183
 -0.7087
 -0.7087
 -0.7135
 -0.7302
 -0.6895
 -0.723
 -0.7039
 -0.6776
 -0.6847
 -0.6512
 -0.6369
 -0.6297
 -0.644
 -0.644
 -0.6752
 -0.6656
 -0.6704
 -0.6752
 -0.6704
 -0.7015
 -0.7087
 -0.6871
 -0.6632
 -0.6488
 -0.6393
 -0.6321
 -0.6488
 -0.668
 -0.6608000000000001
 -0.6632
 -0.6464
 -0.6512
 -0.6415999999999999
 -0.6369
 -0.6512
 -0.6153
 -0.589
 -0.5866
 -0.5243
 -0.51
 -0.5148
 -0.4836
 -0.498
 -0.4956
 -0.5004
 -0.5171
 -0.5483
 -0.5626
 -0.5914
 -0.589
 -0.6009
 -0.6273
 -0.6225000000000001
 -0.6488
 -0.6704
 -0.6752
 -0.6919
 -0.7111
 -0.7207
 -0.7446
 -0.7111
 -0.7278
 -0.7111
 -0.6847
 -0.7207
 -0.7135
 -0.7159
 -0.7278
 -0.7374000000000001
 -0.723
 -0.7494
 -0.7638
 -0.7518
 -0.7398
 -0.7542
 -0.7039
 -0.7063
 -0.7063
 -0.6704
 -0.6752
 -0.644
 -0.6464
 -0.6297
 -0.6632
 -0.6321
 -0.6536
 -0.6752
 -0.644
 -0.6919
 -0.6584
 -0.656
 -0.6488
 -0.6225000000000001
 -0.6081
 -0.5866
 -0.6032999999999999
 -0.6057
 -0.5986
 -0.6153
 -0.5938
 -0.6153
 -0.6297
 -0.644
 -0.6488
 -0.6201
 -0.6369
 -0.6369
 -0.6704
 -0.6823
 -0.7063
 -0.6919
 -0.6776
 -0.7087
 -0.6991000000000001
 -0.6823
 -0.668
 -0.6488
 -0.6345
 -0.6249
 -0.6656
 -0.668
 -0.6415999999999999
 -0.6656
 -0.6512
 -0.6415999999999999
 -0.6369
 -0.6488
 -0.6081
 -0.6081
 -0.656
 -0.6249
 -0.6129
 -0.6369
 -0.6249
 -0.6393
 -0.6512
 -0.6415999999999999
 -0.644
 -0.6464
 -0.6728
 -0.6393
 -0.6488
 -0.6345
 -0.6273
 -0.6512
 -0.656
 -0.6488
 -0.644
 -0.6488
 -0.6393
 -0.6488
 -0.6584
 -0.6464
 -0.6464
 -0.6728
 -0.6752
 -0.6919
 -0.6919
 -0.6895
 -0.7063
 -0.7135
 -0.7063
 -0.7039
 -0.7207
 -0.7111
 -0.723
 -0.7207
 -0.7135
 -0.723
 -0.7302
 -0.735
 -0.7278
 -0.723
 -0.7039
 -0.6728
 -0.6584
 -0.656
 -0.6847
 -0.6871
 -0.6512
 -0.6895
 -0.6584
 -0.6752
 -0.7087
 -0.6967
 -0.7063
 -0.6895
 -0.7039
 -0.6871
 -0.6919
 -0.6991000000000001
 -0.668
 -0.7015
 -0.6632
 -0.68
 -0.6656
 -0.6345
 -0.6752
 -0.6728
 -0.7326
 -0.7566000000000001
 -0.8164
 -0.4693
 -0.6369
 -0.668
 -0.5698
 -0.9218
 -0.7853
 -0.7566000000000001
 -0.7614


# name: y
# type: matrix
# rows: 1039
# columns: 1
 -0.4357
 -0.4405
 -0.2179
 -0.0311
 0.0503
 0.0048
 -0.1915
 -0.4381
 -0.4501
 -0.4094
 -0.1796
 -0.1245
 -0.1341
 -0.2729
 -0.4214
 -0.6032999999999999
 -0.747
 -0.6823
 -0.747
 -0.5722
 -0.4453
 -0.431
 -0.3926
 -0.3519
 -0.3136
 -0.2777
 -0.3112
 -0.3208
 -0.3424
 -0.3496
 -0.316
 -0.316
 -0.2921
 -0.3041
 -0.3328
 -0.316
 -0.3208
 -0.3184
 -0.3065
 -0.3065
 -0.3041
 -0.3065
 -0.3112
 -0.3017
 -0.2945
 -0.2897
 -0.2945
 -0.3256
 -0.3328
 -0.3352
 -0.3256
 -0.3041
 -0.3328
 -0.3304
 -0.34
 -0.3448
 -0.3304
 -0.3352
 -0.3328
 -0.3448
 -0.3352
 -0.3376
 -0.3424
 -0.3328
 -0.3543
 -0.3496
 -0.3519
 -0.3519
 -0.328
 -0.3256
 -0.3136
 -0.3304
 -0.316
 -0.3184
 -0.3136
 -0.2945
 -0.316
 -0.3184
 -0.3256
 -0.3352
 -0.3328
 -0.3304
 -0.3256
 -0.3184
 -0.3184
 -0.316
 -0.3089
 -0.2969
 -0.2753
 -0.2682
 -0.2777
 -0.2921
 -0.3065
 -0.3208
 -0.3256
 -0.3065
 -0.3017
 -0.2969
 -0.2969
 -0.2945
 -0.2921
 -0.2777
 -0.2658
 -0.2753
 -0.2753
 -0.2682
 -0.2705
 -0.2634
 -0.261
 -0.2682
 -0.261
 -0.2562
 -0.2634
 -0.2586
 -0.2729
 -0.2897
 -0.3017
 -0.3017
 -0.2921
 -0.2969
 -0.2825
 -0.3041
 -0.2921
 -0.2801
 -0.2825
 -0.261
 -0.2849
 -0.2825
 -0.2729
 -0.3065
 -0.3041
 -0.3208
 -0.3376
 -0.3184
 -0.3184
 -0.3136
 -0.3136
 -0.3256
 -0.3184
 -0.3256
 -0.34
 -0.3256
 -0.3472
 -0.3352
 -0.3376
 -0.3304
 -0.3184
 -0.3304
 -0.3136
 -0.3304
 -0.3256
 -0.316
 -0.3136
 -0.3136
 -0.3232
 -0.3448
 -0.34
 -0.3448
 -0.3328
 -0.3089
 -0.3136
 -0.3184
 -0.3304
 -0.3376
 -0.3304
 -0.3112
 -0.2921
 -0.2897
 -0.2873
 -0.2825
 -0.2777
 -0.2777
 -0.2634
 -0.2729
 -0.2849
 -0.2705
 -0.2753
 -0.2753
 -0.2945
 -0.2825
 -0.2897
 -0.2682
 -0.2346
 -0.2466
 -0.2394
 -0.2466
 -0.249
 -0.2514
 -0.2562
 -0.2586
 -0.2682
 -0.261
 -0.2538
 -0.2538
 -0.237
 -0.2274
 -0.2466
 -0.2298
 -0.2394
 -0.2442
 -0.2155
 -0.2322
 -0.2442
 -0.2418
 -0.2562
 -0.249
 -0.249
 -0.2777
 -0.2849
 -0.3041
 -0.2945
 -0.316
 -0.3208
 -0.3376
 -0.3543
 -0.3376
 -0.3543
 -0.3543
 -0.34
 -0.3424
 -0.3328
 -0.3352
 -0.3472
 -0.34
 -0.3567
 -0.3472
 -0.3567
 -0.3591
 -0.3424
 -0.3591
 -0.3663
 -0.3735
 -0.3807
 -0.3639
 -0.3783
 -0.3855
 -0.3855
 -0.3831
 -0.3567
 -0.3424
 -0.3448
 -0.3376
 -0.3208
 -0.3208
 -0.3136
 -0.316
 -0.3232
 -0.2993
 -0.2921
 -0.2753
 -0.2634
 -0.2586
 -0.2729
 -0.2825
 -0.2825
 -0.2873
 -0.2538
 -0.2514
 -0.2418
 -0.237
 -0.237
 -0.2322
 -0.2418
 -0.2442
 -0.249
 -0.2466
 -0.2322
 -0.2322
 -0.2274
 -0.2274
 -0.2203
 -0.2203
 -0.2394
 -0.2538
 -0.2729
 -0.2849
 -0.2825
 -0.2921
 -0.2921
 -0.2993
 -0.2945
 -0.2849
 -0.2969
 -0.2873
 -0.3041
 -0.2993
 -0.2873
 -0.2849
 -0.2562
 -0.2586
 -0.2562
 -0.2801
 -0.3112
 -0.3208
 -0.3424
 -0.3472
 -0.3472
 -0.3519
 -0.3615
 -0.3496
 -0.3424
 -0.3424
 -0.34
 -0.3591
 -0.3687
 -0.3711
 -0.3759
 -0.3663
 -0.3711
 -0.3687
 -0.3783
 -0.3711
 -0.3711
 -0.3663
 -0.3567
 -0.3639
 -0.3591
 -0.3663
 -0.3663
 -0.3687
 -0.3687
 -0.3639
 -0.3711
 -0.3711
 -0.3759
 -0.3663
 -0.3543
 -0.3615
 -0.3519
 -0.3591
 -0.3543
 -0.3567
 -0.3567
 -0.3663
 -0.3831
 -0.3663
 -0.3783
 -0.3591
 -0.3376
 -0.3519
 -0.3543
 -0.3783
 -0.4046
 -0.407
 -0.4022
 -0.3879
 -0.3735
 -0.3735
 -0.3615
 -0.3998
 -0.4022
 -0.395
 -0.4046
 -0.3783
 -0.3735
 -0.3639
 -0.3448
 -0.3543
 -0.3543
 -0.3735
 -0.3807
 -0.3687
 -0.3783
 -0.3663
 -0.3783
 -0.3759
 -0.3735
 -0.3879
 -0.4214
 -0.4238
 -0.4334
 -0.4334
 -0.4142
 -0.4166
 -0.407
 -0.3879
 -0.3735
 -0.3735
 -0.3687
 -0.3615
 -0.3615
 -0.3711
 -0.3591
 -0.3759
 -0.3615
 -0.3496
 -0.3639
 -0.3591
 -0.3639
 -0.3615
 -0.3519
 -0.3567
 -0.3519
 -0.3591
 -0.3543
 -0.3448
 -0.3639
 -0.3519
 -0.3639
 -0.3663
 -0.3711
 -0.3926
 -0.4094
 -0.3974
 -0.4022
 -0.3735
 -0.3831
 -0.3998
 -0.3879
 -0.3998
 -0.3639
 -0.3615
 -0.3519
 -0.3424
 -0.3615
 -0.3472
 -0.3543
 -0.3591
 -0.34
 -0.3615
 -0.3543
 -0.3591
 -0.3735
 -0.3831
 -0.3855
 -0.3687
 -0.3615
 -0.3496
 -0.3472
 -0.3759
 -0.3759
 -0.3687
 -0.3639
 -0.3783
 -0.407
 -0.3998
 -0.4238
 -0.3831
 -0.3591
 -0.3687
 -0.3472
 -0.3615
 -0.3543
 -0.3615
 -0.3735
 -0.3711
 -0.3711
 -0.3496
 -0.3519
 -0.3639
 -0.3591
 -0.3783
 -0.3543
 -0.34
 -0.3519
 -0.34
 -0.3519
 -0.3543
 -0.3496
 -0.3519
 -0.3496
 -0.3615
 -0.3591
 -0.3615
 -0.3543
 -0.3424
 -0.3472
 -0.34
 -0.3615
 -0.3687
 -0.3735
 -0.3879
 -0.3855
 -0.3926
 -0.4094
 -0.3974
 -0.395
 -0.3759
 -0.3591
 -0.3448
 -0.3352
 -0.3304
 -0.3232
 -0.3448
 -0.3567
 -0.3472
 -0.3376
 -0.3112
 -0.2945
 -0.2945
 -0.2969
 -0.3136
 -0.3304
 -0.34
 -0.3304
 -0.3112
 -0.2849
 -0.2825
 -0.2753
 -0.2682
 -0.2682
 -0.2658
 -0.2538
 -0.2729
 -0.2729
 -0.2682
 -0.2873
 -0.2897
 -0.2825
 -0.2777
 -0.2682
 -0.2562
 -0.2538
 -0.2538
 -0.2729
 -0.2682
 -0.2969
 -0.3017
 -0.2969
 -0.316
 -0.2993
 -0.3136
 -0.2993
 -0.2873
 -0.3089
 -0.2921
 -0.2945
 -0.3017
 -0.2945
 -0.2993
 -0.3208
 -0.328
 -0.3424
 -0.3639
 -0.3639
 -0.3687
 -0.3615
 -0.3711
 -0.3807
 -0.3735
 -0.3663
 -0.3519
 -0.3519
 -0.3472
 -0.3376
 -0.3543
 -0.3519
 -0.3759
 -0.3735
 -0.3567
 -0.3639
 -0.3735
 -0.3903
 -0.4046
 -0.3974
 -0.3687
 -0.3663
 -0.3519
 -0.3567
 -0.3591
 -0.3591
 -0.3663
 -0.3496
 -0.3567
 -0.3448
 -0.3328
 -0.3448
 -0.3352
 -0.3424
 -0.3304
 -0.3232
 -0.328
 -0.3208
 -0.3328
 -0.3328
 -0.3208
 -0.3232
 -0.3041
 -0.3041
 -0.2921
 -0.2801
 -0.2634
 -0.2322
 -0.2251
 -0.2179
 -0.237
 -0.2418
 -0.2394
 -0.2394
 -0.2394
 -0.2418
 -0.2346
 -0.2274
 -0.2155
 -0.2107
 -0.2346
 -0.2394
 -0.2562
 -0.2586
 -0.2586
 -0.261
 -0.2562
 -0.2658
 -0.2658
 -0.2682
 -0.2849
 -0.2969
 -0.2801
 -0.3256
 -0.3136
 -0.3232
 -0.3472
 -0.3184
 -0.3424
 -0.3352
 -0.3376
 -0.34
 -0.3328
 -0.3376
 -0.3208
 -0.3136
 -0.3065
 -0.2969
 -0.3017
 -0.2921
 -0.2849
 -0.2849
 -0.2969
 -0.328
 -0.3352
 -0.3328
 -0.3328
 -0.3184
 -0.3328
 -0.3376
 -0.34
 -0.3304
 -0.3304
 -0.3376
 -0.3304
 -0.3448
 -0.3352
 -0.3328
 -0.3472
 -0.3328
 -0.3496
 -0.3783
 -0.3711
 -0.3855
 -0.3759
 -0.3567
 -0.3615
 -0.3519
 -0.34
 -0.3496
 -0.3472
 -0.3519
 -0.3663
 -0.3496
 -0.3567
 -0.3496
 -0.3304
 -0.3184
 -0.3041
 -0.3089
 -0.3136
 -0.3112
 -0.3041
 -0.3112
 -0.316
 -0.3232
 -0.3256
 -0.316
 -0.316
 -0.3112
 -0.316
 -0.3208
 -0.3136
 -0.3304
 -0.3448
 -0.3184
 -0.3112
 -0.2945
 -0.2753
 -0.2921
 -0.2825
 -0.2729
 -0.2538
 -0.2346
 -0.261
 -0.2682
 -0.2801
 -0.2921
 -0.2729
 -0.2634
 -0.2538
 -0.2562
 -0.249
 -0.2562
 -0.2825
 -0.2993
 -0.3256
 -0.3136
 -0.2969
 -0.2873
 -0.2801
 -0.2849
 -0.2873
 -0.2873
 -0.2825
 -0.2969
 -0.3089
 -0.3089
 -0.3112
 -0.3328
 -0.3352
 -0.328
 -0.3256
 -0.2849
 -0.2873
 -0.2873
 -0.2873
 -0.3065
 -0.2993
 -0.3065
 -0.3017
 -0.2993
 -0.2921
 -0.2969
 -0.2897
 -0.2921
 -0.2801
 -0.2753
 -0.2921
 -0.2777
 -0.2945
 -0.2969
 -0.2969
 -0.3065
 -0.3304
 -0.3543
 -0.3472
 -0.3591
 -0.3448
 -0.3328
 -0.3376
 -0.3256
 -0.316
 -0.2993
 -0.2921
 -0.2753
 -0.2897
 -0.3136
 -0.3136
 -0.3352
 -0.328
 -0.3232
 -0.3232
 -0.3184
 -0.3184
 -0.2993
 -0.3065
 -0.2969
 -0.2705
 -0.2753
 -0.2729
 -0.2873
 -0.2945
 -0.2873
 -0.2921
 -0.2825
 -0.2921
 -0.3017
 -0.2897
 -0.3184
 -0.3424
 -0.3256
 -0.3376
 -0.3208
 -0.316
 -0.3328
 -0.3184
 -0.3112
 -0.2993
 -0.3065
 -0.3232
 -0.3256
 -0.3208
 -0.3304
 -0.3112
 -0.316
 -0.3136
 -0.2945
 -0.3065
 -0.3089
 -0.3304
 -0.3232
 -0.3136
 -0.3017
 -0.2897
 -0.2897
 -0.2777
 -0.2753
 -0.2777
 -0.2897
 -0.3065
 -0.3041
 -0.3041
 -0.3089
 -0.3136
 -0.3232
 -0.3232
 -0.2993
 -0.3089
 -0.3065
 -0.2969
 -0.316
 -0.2969
 -0.2969
 -0.3017
 -0.3065
 -0.3208
 -0.3232
 -0.3352
 -0.3184
 -0.3136
 -0.3112
 -0.3041
 -0.316
 -0.3136
 -0.316
 -0.316
 -0.3089
 -0.2993
 -0.3089
 -0.3041
 -0.2993
 -0.3017
 -0.2849
 -0.2801
 -0.2825
 -0.2873
 -0.2825
 -0.2729
 -0.2729
 -0.2705
 -0.2682
 -0.2777
 -0.2729
 -0.2586
 -0.2514
 -0.2538
 -0.2538
 -0.2705
 -0.2538
 -0.2514
 -0.261
 -0.2658
 -0.3017
 -0.2801
 -0.2705
 -0.261
 -0.2466
 -0.2729
 -0.2634
 -0.2873
 -0.3136
 -0.3017
 -0.3424
 -0.34
 -0.34
 -0.3543
 -0.3424
 -0.3496
 -0.3472
 -0.3424
 -0.3496
 -0.3567
 -0.3519
 -0.3496
 -0.3519
 -0.3472
 -0.3472
 -0.3543
 -0.3424
 -0.3232
 -0.316
 -0.3184
 -0.3304
 -0.3639
 -0.3711
 -0.3807
 -0.3735
 -0.3567
 -0.3663
 -0.3591
 -0.3567
 -0.3519
 -0.3567
 -0.3567
 -0.3615
 -0.3472
 -0.3424
 -0.3687
 -0.3639
 -0.3807
 -0.3783
 -0.3543
 -0.3567
 -0.3543
 -0.3639
 -0.3687
 -0.3807
 -0.3831
 -0.3926
 -0.3926
 -0.3903
 -0.395
 -0.3807
 -0.3783
 -0.3663
 -0.3615
 -0.3519
 -0.3519
 -0.3496
 -0.3424
 -0.3687
 -0.3711
 -0.3855
 -0.3783
 -0.3472
 -0.3376
 -0.316
 -0.3041
 -0.2921
 -0.2729
 -0.261
 -0.2634
 -0.2801
 -0.2969
 -0.2993
 -0.2801
 -0.2538
 -0.237
 -0.2251
 -0.237
 -0.2466
 -0.2586
 -0.2897
 -0.3089
 -0.3184
 -0.3112
 -0.2897
 -0.2753
 -0.2682
 -0.2634
 -0.2682
 -0.2873
 -0.3089
 -0.3112
 -0.3041
 -0.2825
 -0.2729
 -0.2705
 -0.2729
 -0.2753
 -0.2705
 -0.316
 -0.3136
 -0.3089
 -0.3136
 -0.2729
 -0.2729
 -0.2753
 -0.2682
 -0.2562
 -0.2562
 -0.2586
 -0.2658
 -0.2897
 -0.2945
 -0.2993
 -0.2993
 -0.3017
 -0.3136
 -0.3256
 -0.3232
 -0.316
 -0.3112
 -0.3089
 -0.3184
 -0.3208
 -0.3352
 -0.3448
 -0.3472
 -0.3711
 -0.3855
 -0.3663
 -0.3615
 -0.3424
 -0.3232
 -0.3376
 -0.3496
 -0.3567
 -0.3615
 -0.3591
 -0.3543
 -0.3591
 -0.3424
 -0.3519
 -0.328
 -0.3136
 -0.3136
 -0.3065
 -0.3352
 -0.3208
 -0.3496
 -0.3424
 -0.3328
 -0.3424
 -0.3208
 -0.3448
 -0.316
 -0.3448
 -0.3376
 -0.2945
 -0.3017
 -0.2945
 -0.316
 -0.3519
 -0.2945
 -0.3017
 -0.5076000000000001
 -0.5626
 -0.6512
 -0.6608000000000001
 -0.4166
 -0.2897
 -0.249


# name: z
# type: matrix
# rows: 1039
# columns: 1
 9.823399999999999
 9.873699999999999
 9.9168
 9.876099999999999
 9.7707
 9.8043
 9.758800000000001
 9.742000000000001
 9.739599999999999
 9.619899999999999
 9.586399999999999
 9.624700000000001
 9.6822
 9.6462
 9.675000000000001
 9.56
 9.6007
 9.6822
 9.639099999999999
 9.663
 9.619899999999999
 9.5505
 9.555300000000001
 9.622299999999999
 9.651
 9.672599999999999
 9.722899999999999
 9.7013
 9.6774
 9.694100000000001
 9.7037
 9.710900000000001
 9.7013
 9.6127
 9.641500000000001
 9.6678
 9.689299999999999
 9.73
 9.6462
 9.624700000000001
 9.643800000000001
 9.708500000000001
 9.722899999999999
 9.7181
 9.6774
 9.670199999999999
 9.655799999999999
 9.689299999999999
 9.6965
 9.670199999999999
 9.6965
 9.694100000000001
 9.6822
 9.7037
 9.689299999999999
 9.670199999999999
 9.672599999999999
 9.7133
 9.722899999999999
 9.725199999999999
 9.7348
 9.670199999999999
 9.691700000000001
 9.7157
 9.7157
 9.7181
 9.6965
 9.6654
 9.675000000000001
 9.6654
 9.6534
 9.675000000000001
 9.651
 9.672599999999999
 9.694100000000001
 9.6774
 9.6822
 9.670199999999999
 9.655799999999999
 9.660600000000001
 9.655799999999999
 9.691700000000001
 9.6989
 9.7037
 9.7348
 9.691700000000001
 9.6845
 9.691700000000001
 9.672599999999999
 9.6798
 9.6869
 9.6774
 9.708500000000001
 9.6462
 9.6462
 9.6462
 9.591200000000001
 9.6031
 9.607900000000001
 9.607900000000001
 9.636699999999999
 9.706099999999999
 9.6845
 9.6654
 9.706099999999999
 9.6965
 9.725199999999999
 9.722899999999999
 9.6965
 9.720499999999999
 9.710900000000001
 9.710900000000001
 9.6869
 9.6798
 9.658200000000001
 9.6965
 9.706099999999999
 9.672599999999999
 9.6869
 9.660600000000001
 9.670199999999999
 9.6989
 9.706099999999999
 9.691700000000001
 9.6989
 9.663
 9.639099999999999
 9.73
 9.706099999999999
 9.761200000000001
 9.7803
 9.710900000000001
 9.739599999999999
 9.722899999999999
 9.7181
 9.6989
 9.6774
 9.6798
 9.624700000000001
 9.607900000000001
 9.636699999999999
 9.6175
 9.6534
 9.6127
 9.624700000000001
 9.6319
 9.622299999999999
 9.6965
 9.6534
 9.6822
 9.725199999999999
 9.643800000000001
 9.658200000000001
 9.610300000000001
 9.5433
 9.6486
 9.641500000000001
 9.639099999999999
 9.6989
 9.691700000000001
 9.725199999999999
 9.6534
 9.6822
 9.658200000000001
 9.6151
 9.7157
 9.6534
 9.6654
 9.655799999999999
 9.6798
 9.6271
 9.641500000000001
 9.6654
 9.5984
 9.605499999999999
 9.6343
 9.636699999999999
 9.675000000000001
 9.7468
 9.7181
 9.689299999999999
 9.6534
 9.6486
 9.619899999999999
 9.725199999999999
 9.7683
 9.7827
 9.777900000000001
 9.6965
 9.7133
 9.710900000000001
 9.6774
 9.6774
 9.660600000000001
 9.6534
 9.708500000000001
 9.6965
 9.675000000000001
 9.6798
 9.670199999999999
 9.6654
 9.6774
 9.655799999999999
 9.624700000000001
 9.691700000000001
 9.7013
 9.7348
 9.7707
 9.73
 9.6989
 9.708500000000001
 9.6822
 9.672599999999999
 9.6869
 9.655799999999999
 9.672599999999999
 9.655799999999999
 9.6989
 9.710900000000001
 9.7372
 9.73
 9.708500000000001
 9.708500000000001
 9.708500000000001
 9.722899999999999
 9.691700000000001
 9.6869
 9.672599999999999
 9.7157
 9.744400000000001
 9.6678
 9.660600000000001
 9.636699999999999
 9.6151
 9.660600000000001
 9.6845
 9.6534
 9.6319
 9.660600000000001
 9.6486
 9.670199999999999
 9.675000000000001
 9.6965
 9.694100000000001
 9.6869
 9.710900000000001
 9.720499999999999
 9.744400000000001
 9.7324
 9.708500000000001
 9.6989
 9.689299999999999
 9.6654
 9.6965
 9.6798
 9.651
 9.691700000000001
 9.663
 9.6486
 9.643800000000001
 9.6534
 9.675000000000001
 9.710900000000001
 9.744400000000001
 9.73
 9.7181
 9.7324
 9.739599999999999
 9.742000000000001
 9.7659
 9.7492
 9.710900000000001
 9.6654
 9.670199999999999
 9.658200000000001
 9.6534
 9.660600000000001
 9.651
 9.6175
 9.622299999999999
 9.6486
 9.636699999999999
 9.6822
 9.6798
 9.6031
 9.6151
 9.6007
 9.6271
 9.722899999999999
 9.7181
 9.7013
 9.6869
 9.6678
 9.6774
 9.6869
 9.655799999999999
 9.725199999999999
 9.7372
 9.7468
 9.7875
 9.7348
 9.710900000000001
 9.727600000000001
 9.706099999999999
 9.691700000000001
 9.691700000000001
 9.660600000000001
 9.6798
 9.6822
 9.6678
 9.694100000000001
 9.675000000000001
 9.6774
 9.6822
 9.658200000000001
 9.6462
 9.660600000000001
 9.663
 9.6462
 9.672599999999999
 9.7181
 9.722899999999999
 9.756399999999999
 9.7516
 9.6989
 9.73
 9.7348
 9.727600000000001
 9.720499999999999
 9.694100000000001
 9.6534
 9.655799999999999
 9.7348
 9.7324
 9.756399999999999
 9.7516
 9.6869
 9.7013
 9.708500000000001
 9.7324
 9.727600000000001
 9.710900000000001
 9.691700000000001
 9.694100000000001
 9.706099999999999
 9.6965
 9.710900000000001
 9.6965
 9.7013
 9.6989
 9.6989
 9.6654
 9.639099999999999
 9.651
 9.6295
 9.663
 9.655799999999999
 9.670199999999999
 9.670199999999999
 9.6845
 9.7133
 9.710900000000001
 9.7324
 9.7013
 9.6774
 9.694100000000001
 9.6989
 9.6654
 9.672599999999999
 9.6319
 9.6175
 9.6151
 9.643800000000001
 9.641500000000001
 9.6127
 9.672599999999999
 9.6319
 9.6462
 9.663
 9.639099999999999
 9.655799999999999
 9.651
 9.658200000000001
 9.689299999999999
 9.710900000000001
 9.6965
 9.708500000000001
 9.7013
 9.6486
 9.689299999999999
 9.6654
 9.670199999999999
 9.6845
 9.658200000000001
 9.694100000000001
 9.694100000000001
 9.708500000000001
 9.7181
 9.7133
 9.7037
 9.710900000000001
 9.7181
 9.7037
 9.7013
 9.6774
 9.691700000000001
 9.708500000000001
 9.7157
 9.7324
 9.710900000000001
 9.6965
 9.651
 9.6486
 9.624700000000001
 9.658200000000001
 9.694100000000001
 9.706099999999999
 9.722899999999999
 9.708500000000001
 9.722899999999999
 9.7181
 9.7348
 9.7013
 9.691700000000001
 9.672599999999999
 9.655799999999999
 9.6678
 9.6798
 9.6654
 9.663
 9.6798
 9.643800000000001
 9.619899999999999
 9.6031
 9.6175
 9.622299999999999
 9.670199999999999
 9.689299999999999
 9.672599999999999
 9.6965
 9.694100000000001
 9.691700000000001
 9.6774
 9.670199999999999
 9.6774
 9.6965
 9.725199999999999
 9.6462
 9.6462
 9.658200000000001
 9.622299999999999
 9.7157
 9.710900000000001
 9.6965
 9.694100000000001
 9.6845
 9.689299999999999
 9.663
 9.660600000000001
 9.6319
 9.6151
 9.651
 9.6486
 9.6869
 9.6845
 9.6486
 9.6654
 9.6534
 9.672599999999999
 9.710900000000001
 9.73
 9.6822
 9.675000000000001
 9.658200000000001
 9.6127
 9.6654
 9.6822
 9.689299999999999
 9.722899999999999
 9.7133
 9.6965
 9.658200000000001
 9.6295
 9.651
 9.689299999999999
 9.710900000000001
 9.7851
 9.8306
 9.7636
 9.727600000000001
 9.675000000000001
 9.6534
 9.6534
 9.706099999999999
 9.6989
 9.663
 9.6845
 9.7013
 9.689299999999999
 9.7013
 9.7348
 9.689299999999999
 9.6989
 9.722899999999999
 9.706099999999999
 9.742000000000001
 9.744400000000001
 9.73
 9.710900000000001
 9.675000000000001
 9.6965
 9.651
 9.663
 9.675000000000001
 9.6534
 9.622299999999999
 9.605499999999999
 9.6486
 9.672599999999999
 9.73
 9.758800000000001
 9.727600000000001
 9.725199999999999
 9.6798
 9.672599999999999
 9.7516
 9.7157
 9.758800000000001
 9.754
 9.596
 9.607900000000001
 9.6319
 9.6175
 9.6798
 9.6989
 9.643800000000001
 9.660600000000001
 9.658200000000001
 9.7181
 9.7516
 9.7636
 9.775499999999999
 9.710900000000001
 9.7013
 9.6869
 9.6822
 9.663
 9.670199999999999
 9.6798
 9.6798
 9.7037
 9.722899999999999
 9.6822
 9.6989
 9.689299999999999
 9.5984
 9.641500000000001
 9.655799999999999
 9.643800000000001
 9.708500000000001
 9.7037
 9.6774
 9.689299999999999
 9.720499999999999
 9.7133
 9.708500000000001
 9.708500000000001
 9.6869
 9.706099999999999
 9.7324
 9.710900000000001
 9.6965
 9.689299999999999
 9.655799999999999
 9.660600000000001
 9.6869
 9.6869
 9.7037
 9.7516
 9.73
 9.689299999999999
 9.6654
 9.6462
 9.6127
 9.675000000000001
 9.720499999999999
 9.7013
 9.727600000000001
 9.7013
 9.6845
 9.6869
 9.6965
 9.6965
 9.7037
 9.710900000000001
 9.7181
 9.6822
 9.636699999999999
 9.658200000000001
 9.689299999999999
 9.7037
 9.7157
 9.689299999999999
 9.610300000000001
 9.636699999999999
 9.655799999999999
 9.6869
 9.710900000000001
 9.725199999999999
 9.739599999999999
 9.7372
 9.7516
 9.710900000000001
 9.710900000000001
 9.7013
 9.706099999999999
 9.720499999999999
 9.706099999999999
 9.7468
 9.756399999999999
 9.7636
 9.754
 9.7037
 9.6654
 9.670199999999999
 9.660600000000001
 9.643800000000001
 9.6678
 9.6486
 9.675000000000001
 9.708500000000001
 9.706099999999999
 9.6151
 9.6007
 9.5768
 9.5792
 9.706099999999999
 9.708500000000001
 9.7157
 9.7133
 9.6965
 9.7013
 9.7037
 9.754
 9.7157
 9.639099999999999
 9.6462
 9.610300000000001
 9.6127
 9.6798
 9.6798
 9.672599999999999
 9.675000000000001
 9.675000000000001
 9.651
 9.6295
 9.6319
 9.6127
 9.6319
 9.658200000000001
 9.6845
 9.7133
 9.720499999999999
 9.694100000000001
 9.6822
 9.651
 9.655799999999999
 9.689299999999999
 9.7013
 9.739599999999999
 9.7133
 9.694100000000001
 9.691700000000001
 9.691700000000001
 9.6845
 9.672599999999999
 9.6798
 9.639099999999999
 9.607900000000001
 9.643800000000001
 9.622299999999999
 9.660600000000001
 9.636699999999999
 9.636699999999999
 9.6151
 9.6319
 9.691700000000001
 9.6845
 9.689299999999999
 9.622299999999999
 9.6462
 9.643800000000001
 9.672599999999999
 9.691700000000001
 9.6822
 9.6774
 9.675000000000001
 9.6822
 9.675000000000001
 9.643800000000001
 9.641500000000001
 9.708500000000001
 9.694100000000001
 9.744400000000001
 9.7516
 9.6295
 9.6295
 9.641500000000001
 9.6271
 9.694100000000001
 9.7157
 9.691700000000001
 9.7324
 9.744400000000001
 9.6989
 9.672599999999999
 9.641500000000001
 9.6295
 9.6989
 9.706099999999999
 9.725199999999999
 9.7324
 9.6965
 9.706099999999999
 9.6845
 9.6654
 9.6654
 9.655799999999999
 9.6798
 9.7013
 9.7013
 9.706099999999999
 9.689299999999999
 9.670199999999999
 9.663
 9.655799999999999
 9.6486
 9.675000000000001
 9.691700000000001
 9.622299999999999
 9.641500000000001
 9.6319
 9.619899999999999
 9.7013
 9.6989
 9.691700000000001
 9.7013
 9.689299999999999
 9.7013
 9.7181
 9.6678
 9.624700000000001
 9.622299999999999
 9.596
 9.6319
 9.643800000000001
 9.6295
 9.639099999999999
 9.655799999999999
 9.708500000000001
 9.7013
 9.6965
 9.7492
 9.761200000000001
 9.773099999999999
 9.7851
 9.744400000000001
 9.739599999999999
 9.73
 9.720499999999999
 9.708500000000001
 9.689299999999999
 9.720499999999999
 9.6845
 9.619899999999999
 9.639099999999999
 9.607900000000001
 9.651
 9.6462
 9.6343
 9.6271
 9.6151
 9.6965
 9.694100000000001
 9.708500000000001
 9.725199999999999
 9.691700000000001
 9.691700000000001
 9.6845
 9.7013
 9.7037
 9.725199999999999
 9.708500000000001
 9.691700000000001
 9.7157
 9.6678
 9.773099999999999
 9.773099999999999
 9.773099999999999
 9.806699999999999
 9.722899999999999
 9.7372
 9.7372
 9.725199999999999
 9.720499999999999
 9.6989
 9.694100000000001
 9.708500000000001
 9.742000000000001
 9.7181
 9.725199999999999
 9.689299999999999
 9.7181
 9.754
 9.754
 9.7516
 9.6845
 9.672599999999999
 9.6678
 9.689299999999999
 9.722899999999999
 9.6965
 9.689299999999999
 9.675000000000001
 9.6462
 9.651
 9.6774
 9.6822
 9.6774
 9.706099999999999
 9.663
 9.6654
 9.742000000000001
 9.7372
 9.756399999999999
 9.7492
 9.694100000000001
 9.694100000000001
 9.694100000000001
 9.710900000000001
 9.670199999999999
 9.689299999999999
 9.6654
 9.651
 9.651
 9.619899999999999
 9.660600000000001
 9.6486
 9.636699999999999
 9.655799999999999
 9.641500000000001
 9.663
 9.6774
 9.660600000000001
 9.6534
 9.5984
 9.6534
 9.6343
 9.624700000000001
 9.708500000000001
 9.689299999999999
 9.6822
 9.6822
 9.6678
 9.636699999999999
 9.6151
 9.6774
 9.655799999999999
 9.6774
 9.691700000000001
 9.639099999999999
 9.655799999999999
 9.6486
 9.689299999999999
 9.706099999999999
 9.6965
 9.6343
 9.6845
 9.663
 9.6654
 9.73
 9.691700000000001
 9.6822
 9.6845
 9.6845
 9.672599999999999
 9.6965
 9.672599999999999
 9.619899999999999
 9.6127
 9.6343
 9.639099999999999
 9.6798
 9.6654
 9.655799999999999
 9.643800000000001
 9.655799999999999
 9.6845
 9.6654
 9.6989
 9.6965
 9.6774
 9.663
 9.6822
 9.651
 9.670199999999999
 9.6151
 9.605499999999999
 9.6295
 9.6151
 9.6965
 9.694100000000001
 9.691700000000001
 9.710900000000001
 9.725199999999999
 9.675000000000001
 9.689299999999999
 9.689299999999999
 9.7037
 9.742000000000001
 9.7851
 9.7492
 9.691700000000001
 9.691700000000001
 9.643800000000001
 9.6127
 9.5792
 9.6007
 9.605499999999999
 9.658200000000001
 9.720499999999999
 9.7133
 9.689299999999999
 9.672599999999999
 9.6534
 9.6462
 9.706099999999999
 9.7157
 9.725199999999999
 9.725199999999999
 9.6654
 9.6654
 9.658200000000001
 9.6462
 9.641500000000001
 9.651
 9.6869
 9.660600000000001
 9.706099999999999
 9.7037
 9.6869
 9.6989
 9.6822
 9.655799999999999
 9.6151
 9.6486
 9.663
 9.639099999999999
 9.710900000000001
 9.6965
 9.670199999999999
 9.6271
 9.588800000000001
 9.5481
 9.5672
 9.658200000000001
 9.655799999999999
 9.7013
 9.6462
 9.636699999999999
 9.658200000000001
 9.6462
 9.710900000000001
 9.6845
 9.663
 9.670199999999999
 9.6295
 9.6869
 9.6845
 9.706099999999999
 9.739599999999999
 9.7157
 9.607900000000001
 9.6007
 9.586399999999999
 9.5984
 9.7013
 9.689299999999999
 9.6822
 9.670199999999999
 9.6774
 9.6822
 9.6845
 9.7157
 9.694100000000001
 9.6151
 9.6295
 9.605499999999999
 9.5768
 9.6798
 9.663
 9.706099999999999
 9.7803
 9.756399999999999
 9.7659
 9.739599999999999
 9.6989
 9.7133
 9.725199999999999
 9.7157
 9.7157
 9.7013
 9.6965
 9.670199999999999
 9.6798
 9.6869
 9.672599999999999
 9.7013
 9.708500000000001
 9.6319
 9.643800000000001
 9.6654
 9.6486
 9.689299999999999
 9.5984
 9.5936
 9.6031
 9.643800000000001
 9.7157
 9.663
 9.6869
 9.655799999999999
 9.643800000000001
 9.660600000000001
 9.6534
 9.663
 9.675000000000001
 9.6798
 9.6965


